#  N   trapezoid     Simpsons     3/8      Gauss  
#-----------------------------------------
0.845098  -2.635683e+00  -5.373791e+00  -5.021859e+00  -7.097897e+00
1.113943e+00  -3.237645e+00  -6.571210e+00  -6.190052e+00  -6.963499e+00
1.278754e+00  -3.589700e+00  -7.097897e+00  -6.571210e+00  -6.963499e+00
1.397940e+00  -3.839455e+00  -7.839390e+00  -7.097897e+00  -6.963499e+00
1.491362e+00  -4.033919e+00  -6.571210e+00  -6.759172e+00  -6.759172e+00
1.568202e+00  -4.193109e+00  -6.571210e+00  -7.097897e+00  -7.839390e+00
1.633468e+00  -4.324949e+00  -7.097897e+00  -7.839390e+00  -7.097897e+00
1.690196e+00  -4.440232e+00  -7.097897e+00  -6.759172e+00  -6.963499e+00
1.740363e+00  -4.540016e+00  -6.963499e+00  -7.097897e+00  -7.097897e+00
1.785330e+00  -4.638403e+00  -6.759172e+00  -6.963499e+00  -7.839390e+00
1.826075e+00  -4.718352e+00  -6.963499e+00  -7.097897e+00  -6.963499e+00
1.863323e+00  -4.792914e+00  -6.963499e+00  -7.097897e+00  -7.097897e+00
1.897627e+00  -4.864612e+00  -6.759172e+00  -6.692373e+00  -6.963499e+00
1.929419e+00  -4.932636e+00  -6.963499e+00  -7.839390e+00  -6.759172e+00
1.959041e+00  -4.992714e+00  -6.692373e+00  -6.759172e+00  -7.097897e+00
1.986772e+00  -5.034975e+00  -6.759172e+00  -7.839390e+00  -6.963499e+00
2.012837e+00  -5.102035e+00  -7.097897e+00  -7.839390e+00  -6.440455e+00
2.037426e+00  -5.163111e+00  -6.759172e+00  -6.759172e+00  -6.440455e+00
2.060698e+00  -5.181375e+00  -7.839390e+00  -6.759172e+00  -7.097897e+00
2.082785e+00  -5.213633e+00  -7.839390e+00  -6.407105e+00  -6.963499e+00
2.103804e+00  -5.294362e+00  -6.963499e+00  -7.839390e+00  -7.097897e+00
2.123852e+00  -5.319259e+00  -6.963499e+00  -7.097897e+00  -6.440455e+00
2.143015e+00  -5.327885e+00  -6.759172e+00  -7.097897e+00  -7.839390e+00
2.161368e+00  -5.393605e+00  -6.759172e+00  -6.963499e+00  -6.963499e+00
2.178977e+00  -5.459124e+00  -6.571210e+00  -7.839390e+00  -6.692373e+00
2.195900e+00  -5.471073e+00  -6.440455e+00  -7.097897e+00  -7.839390e+00
2.212188e+00  -5.483361e+00  -6.526726e+00  -7.839390e+00  -6.407105e+00
2.227887e+00  -5.522458e+00  -6.526726e+00  -7.839390e+00  -6.692373e+00
2.243038e+00  -5.596632e+00  -7.097897e+00  -6.171001e+00  -7.839390e+00
2.257679e+00  -5.565427e+00  -6.440455e+00  -6.963499e+00  -6.963499e+00
2.271842e+00  -5.565427e+00  -6.759172e+00  -7.097897e+00  -6.571210e+00
2.285557e+00  -5.666700e+00  -6.440455e+00  -7.097897e+00  -6.571210e+00
2.298853e+00  -5.706487e+00  -6.963499e+00  -6.692373e+00  -7.839390e+00
2.311754e+00  -5.666700e+00  -6.340092e+00  -6.759172e+00  -6.692373e+00
2.324282e+00  -5.648095e+00  -6.526726e+00  -7.097897e+00  -6.963499e+00
2.336460e+00  -5.750289e+00  -6.440455e+00  -6.963499e+00  -6.526726e+00
2.348305e+00  -5.884180e+00  -7.839390e+00  -6.692373e+00  -7.839390e+00
2.359835e+00  -5.799010e+00  -6.526726e+00  -6.963499e+00  -6.440455e+00
2.371068e+00  -5.750289e+00  -7.097897e+00  -7.839390e+00  -7.097897e+00
2.382017e+00  -5.825587e+00  -6.692373e+00  -6.692373e+00  -6.258624e+00
2.392697e+00  -5.951930e+00  -6.114175e+00  -6.258624e+00  -6.692373e+00
2.403121e+00  -5.990230e+00  -7.839390e+00  -6.526726e+00  -6.440455e+00
2.413300e+00  -5.773967e+00  -7.839390e+00  -7.097897e+00  -7.097897e+00
2.423246e+00  -5.884180e+00  -6.258624e+00  -6.692373e+00  -6.692373e+00
2.432969e+00  -5.773967e+00  -6.692373e+00  -6.571210e+00  -6.526726e+00
2.442480e+00  -5.773967e+00  -6.571210e+00  -6.759172e+00  -6.759172e+00
2.451786e+00  -6.032238e+00  -6.692373e+00  -6.963499e+00  -6.258624e+00
2.460898e+00  -6.078749e+00  -6.963499e+00  -6.963499e+00  -6.571210e+00
2.469822e+00  -5.799010e+00  -6.340092e+00  -6.963499e+00  -7.839390e+00
2.478566e+00  -5.916735e+00  -6.171001e+00  -6.759172e+00  -7.097897e+00
2.487138e+00  -6.571210e+00  -6.526726e+00  -7.097897e+00  -6.571210e+00
2.495544e+00  -6.130844e+00  -7.839390e+00  -6.692373e+00  -6.440455e+00
2.503791e+00  -6.190052e+00  -6.571210e+00  -6.313417e+00  -6.340092e+00
2.511883e+00  -6.130844e+00  -7.839390e+00  -6.759172e+00  -6.963499e+00
2.519828e+00  -5.990230e+00  -6.236397e+00  -6.236397e+00  -7.097897e+00
2.527630e+00  -5.884180e+00  -6.571210e+00  -6.114175e+00  -6.571210e+00
2.535294e+00  -6.032238e+00  -6.407105e+00  -7.839390e+00  -6.963499e+00
2.542825e+00  -6.190052e+00  -6.114175e+00  -7.097897e+00  -6.963499e+00
2.550228e+00  -6.258624e+00  -6.692373e+00  -6.759172e+00  -6.407105e+00
2.557507e+00  -6.340092e+00  -6.340092e+00  -6.440455e+00  -7.097897e+00
2.564666e+00  -6.340092e+00  -6.130844e+00  -6.759172e+00  -6.526726e+00
2.571709e+00  -7.097897e+00  -6.258624e+00  -6.340092e+00  -6.258624e+00
2.578639e+00  -6.963499e+00  -7.839390e+00  -6.258624e+00  -7.839390e+00
2.585461e+00  -6.190052e+00  -6.407105e+00  -6.571210e+00  -6.759172e+00
2.592177e+00  -7.097897e+00  -6.236397e+00  -6.340092e+00  -6.340092e+00
2.598791e+00  -6.571210e+00  -7.097897e+00  -6.313417e+00  -6.963499e+00
2.605305e+00  -6.340092e+00  -6.692373e+00  -6.571210e+00  -7.097897e+00
2.611723e+00  -5.990230e+00  -6.526726e+00  -6.759172e+00  -7.097897e+00
2.618048e+00  -6.258624e+00  -7.097897e+00  -6.258624e+00  -6.171001e+00
2.624282e+00  -6.963499e+00  -6.571210e+00  -7.097897e+00  -6.526726e+00
2.630428e+00  -6.440455e+00  -6.440455e+00  -6.407105e+00  -6.440455e+00
2.636488e+00  -6.759172e+00  -6.963499e+00  -7.097897e+00  -6.407105e+00
2.642465e+00  -7.097897e+00  -5.791167e+00  -6.963499e+00  -6.313417e+00
2.648360e+00  -6.258624e+00  -7.097897e+00  -6.190052e+00  -7.839390e+00
2.654177e+00  -6.130844e+00  -6.692373e+00  -6.759172e+00  -6.759172e+00
2.659916e+00  -6.258624e+00  -6.571210e+00  -6.692373e+00  -7.097897e+00
2.665581e+00  -7.097897e+00  -7.097897e+00  -6.963499e+00  -6.340092e+00
2.671173e+00  -6.190052e+00  -6.440455e+00  -6.526726e+00  -6.440455e+00
2.676694e+00  -7.097897e+00  -6.692373e+00  -7.097897e+00  -6.526726e+00
2.682145e+00  -6.571210e+00  -6.759172e+00  -6.340092e+00  -6.963499e+00
2.687529e+00  -7.839390e+00  -5.906478e+00  -6.190052e+00  -7.839390e+00
2.692847e+00  -6.759172e+00  -7.097897e+00  -6.571210e+00  -6.692373e+00
2.698101e+00  -7.097897e+00  -6.313417e+00  -6.571210e+00  -6.571210e+00
2.703291e+00  -6.440455e+00  -6.407105e+00  -6.313417e+00  -6.340092e+00
2.708421e+00  -6.759172e+00  -6.407105e+00  -6.440455e+00  -6.759172e+00
2.713491e+00  -7.097897e+00  -7.839390e+00  -6.190052e+00  -6.258624e+00
2.718502e+00  -6.440455e+00  -6.190052e+00  -7.839390e+00  -6.692373e+00
2.723456e+00  -7.839390e+00  -6.236397e+00  -6.759172e+00  -6.526726e+00
2.728354e+00  -7.097897e+00  -7.097897e+00  -6.236397e+00  -6.340092e+00
2.733197e+00  -6.440455e+00  -6.440455e+00  -6.526726e+00  -6.692373e+00
2.737987e+00  -6.963499e+00  -7.839390e+00  -6.526726e+00  -6.526726e+00
2.742725e+00  -6.130844e+00  -7.097897e+00  -7.097897e+00  -6.526726e+00
2.747412e+00  -6.190052e+00  -7.839390e+00  -6.759172e+00  -7.097897e+00
2.752048e+00  -6.759172e+00  -7.097897e+00  -6.963499e+00  -6.963499e+00
2.756636e+00  -6.571210e+00  -6.407105e+00  -6.963499e+00  -6.571210e+00
2.761176e+00  -6.571210e+00  -6.571210e+00  -6.526726e+00  -5.990230e+00
2.765669e+00  -6.692373e+00  -6.032238e+00  -6.063932e+00  -6.407105e+00
2.770115e+00  -6.526726e+00  -6.018904e+00  -6.963499e+00  -6.692373e+00
2.774517e+00  -6.692373e+00  -7.839390e+00  -6.526726e+00  -7.097897e+00
2.778874e+00  -6.407105e+00  -6.340092e+00  -6.526726e+00  -6.340092e+00
2.783189e+00  -6.440455e+00  -6.236397e+00  -5.990230e+00  -6.236397e+00
2.787460e+00  -6.190052e+00  -6.340092e+00  -6.236397e+00  -6.526726e+00
2.791691e+00  -6.571210e+00  -6.963499e+00  -6.526726e+00  -6.692373e+00
2.795880e+00  -6.190052e+00  -6.526726e+00  -6.258624e+00  -6.759172e+00
2.800029e+00  -6.313417e+00  -6.692373e+00  -6.692373e+00  -6.759172e+00
2.804139e+00  -6.190052e+00  -6.526726e+00  -6.130844e+00  -6.526726e+00
2.808211e+00  -6.078749e+00  -6.114175e+00  -6.078749e+00  -6.963499e+00
2.812245e+00  -5.990230e+00  -6.759172e+00  -6.313417e+00  -6.571210e+00
2.816241e+00  -6.759172e+00  -6.190052e+00  -6.759172e+00  -6.190052e+00
2.820201e+00  -6.130844e+00  -6.440455e+00  -6.407105e+00  -6.571210e+00
2.824126e+00  -6.692373e+00  -6.571210e+00  -6.407105e+00  -6.407105e+00
2.828015e+00  -7.097897e+00  -6.063932e+00  -6.963499e+00  -7.097897e+00
2.831870e+00  -7.839390e+00  -6.759172e+00  -6.313417e+00  -6.692373e+00
2.835691e+00  -6.692373e+00  -6.963499e+00  -6.526726e+00  -6.171001e+00
2.839478e+00  -6.236397e+00  -6.313417e+00  -6.759172e+00  -7.839390e+00
2.843233e+00  -7.839390e+00  -6.759172e+00  -7.839390e+00  -7.097897e+00
2.846955e+00  -6.440455e+00  -7.097897e+00  -6.114175e+00  -7.839390e+00
2.850646e+00  -6.340092e+00  -6.526726e+00  -7.097897e+00  -6.759172e+00
2.854306e+00  -7.097897e+00  -6.130844e+00  -6.171001e+00  -6.171001e+00
2.857935e+00  -7.839390e+00  -5.990230e+00  -7.839390e+00  -6.236397e+00
2.861534e+00  -6.759172e+00  -6.526726e+00  -6.692373e+00  -6.340092e+00
2.865104e+00  -6.526726e+00  -6.114175e+00  -6.571210e+00  -6.571210e+00
2.868644e+00  -6.759172e+00  -6.692373e+00  -6.440455e+00  -6.571210e+00
2.872156e+00  -6.313417e+00  -6.114175e+00  -7.839390e+00  -6.440455e+00
2.875640e+00  -6.407105e+00  -6.078749e+00  -6.963499e+00  -5.916735e+00
2.879096e+00  -6.963499e+00  -6.114175e+00  -6.190052e+00  -7.097897e+00
2.882525e+00  -6.407105e+00  -6.313417e+00  -6.963499e+00  -6.692373e+00
2.885926e+00  -6.171001e+00  -6.236397e+00  -7.097897e+00  -7.097897e+00
2.889302e+00  -6.407105e+00  -6.526726e+00  -7.097897e+00  -6.236397e+00
2.892651e+00  -6.963499e+00  -6.571210e+00  -7.097897e+00  -6.526726e+00
2.895975e+00  -7.097897e+00  -6.236397e+00  -6.440455e+00  -6.190052e+00
2.899273e+00  -7.839390e+00  -6.759172e+00  -7.839390e+00  -6.407105e+00
2.902547e+00  -6.340092e+00  -6.340092e+00  -6.407105e+00  -6.526726e+00
2.905796e+00  -6.759172e+00  -6.340092e+00  -6.063932e+00  -6.526726e+00
2.909021e+00  -6.407105e+00  -5.951930e+00  -6.313417e+00  -6.407105e+00
2.912222e+00  -6.692373e+00  -6.130844e+00  -6.759172e+00  -6.171001e+00
2.915400e+00  -6.258624e+00  -6.313417e+00  -7.839390e+00  -6.526726e+00
2.918555e+00  -7.097897e+00  -7.839390e+00  -6.236397e+00  -7.097897e+00
2.921686e+00  -6.313417e+00  -6.526726e+00  -6.114175e+00  -7.839390e+00
2.924796e+00  -5.750289e+00  -6.526726e+00  -7.839390e+00  -6.759172e+00
2.927883e+00  -6.340092e+00  -6.236397e+00  -6.692373e+00  -6.340092e+00
2.930949e+00  -7.097897e+00  -6.692373e+00  -6.692373e+00  -6.340092e+00
2.933993e+00  -6.078749e+00  -6.313417e+00  -6.526726e+00  -7.097897e+00
2.937016e+00  -6.078749e+00  -6.692373e+00  -6.526726e+00  -6.963499e+00
2.940018e+00  -7.839390e+00  -6.313417e+00  -6.032238e+00  -6.759172e+00
2.943000e+00  -6.963499e+00  -6.313417e+00  -6.407105e+00  -6.526726e+00
2.945961e+00  -6.130844e+00  -5.884180e+00  -5.990230e+00  -6.236397e+00
2.948902e+00  -6.759172e+00  -6.692373e+00  -6.526726e+00  -7.097897e+00
2.951823e+00  -7.839390e+00  -6.963499e+00  -5.951930e+00  -6.114175e+00
2.954725e+00  -6.190052e+00  -6.526726e+00  -6.963499e+00  -6.963499e+00
2.957607e+00  -6.407105e+00  -6.171001e+00  -6.571210e+00  -5.825587e+00
2.960471e+00  -6.313417e+00  -6.130844e+00  -7.097897e+00  -6.759172e+00
2.963316e+00  -6.171001e+00  -6.759172e+00  -6.340092e+00  -5.906478e+00
2.966142e+00  -6.759172e+00  -6.759172e+00  -6.258624e+00  -5.990230e+00
2.968950e+00  -7.839390e+00  -6.018904e+00  -6.407105e+00  -7.839390e+00
2.971740e+00  -6.130844e+00  -6.114175e+00  -6.759172e+00  -5.951930e+00
2.974512e+00  -6.130844e+00  -7.839390e+00  -6.692373e+00  -6.963499e+00
2.977266e+00  -6.571210e+00  -6.078749e+00  -6.407105e+00  -6.963499e+00
2.980003e+00  -7.839390e+00  -5.825587e+00  -6.571210e+00  -7.839390e+00
2.982723e+00  -6.190052e+00  -6.526726e+00  -6.759172e+00  -6.440455e+00
2.985426e+00  -7.839390e+00  -6.258624e+00  -6.440455e+00  -6.340092e+00
2.988113e+00  -6.440455e+00  -6.440455e+00  -6.963499e+00  -6.078749e+00
2.990783e+00  -6.963499e+00  -6.963499e+00  -6.759172e+00  -5.853896e+00
2.993436e+00  -6.526726e+00  -6.078749e+00  -7.097897e+00  -6.759172e+00
2.996074e+00  -6.571210e+00  -5.874656e+00  -6.236397e+00  -7.097897e+00
2.998695e+00  -6.963499e+00  -6.236397e+00  -6.963499e+00  -6.759172e+00
3.001301e+00  -6.236397e+00  -6.692373e+00  -6.963499e+00  -6.963499e+00
3.003891e+00  -6.078749e+00  -6.340092e+00  -6.526726e+00  -5.825587e+00
3.006466e+00  -7.097897e+00  -6.313417e+00  -6.759172e+00  -6.171001e+00
3.009026e+00  -6.963499e+00  -6.236397e+00  -5.978108e+00  -6.340092e+00
3.011570e+00  -6.526726e+00  -6.236397e+00  -6.692373e+00  -6.114175e+00
3.014100e+00  -6.759172e+00  -7.097897e+00  -7.097897e+00  -6.236397e+00
3.016616e+00  -6.759172e+00  -6.190052e+00  -6.258624e+00  -6.440455e+00
3.019116e+00  -6.258624e+00  -6.114175e+00  -7.097897e+00  -5.978108e+00
3.021603e+00  -6.759172e+00  -6.759172e+00  -7.097897e+00  -6.130844e+00
3.024075e+00  -6.258624e+00  -5.916735e+00  -6.440455e+00  -7.097897e+00
3.026533e+00  -6.130844e+00  -6.407105e+00  -6.340092e+00  -6.571210e+00
3.028978e+00  -6.313417e+00  -5.951930e+00  -6.130844e+00  -6.340092e+00
3.031408e+00  -6.440455e+00  -6.526726e+00  -6.018904e+00  -7.097897e+00
3.033826e+00  -6.759172e+00  -7.097897e+00  -6.258624e+00  -7.097897e+00
3.036230e+00  -6.440455e+00  -6.407105e+00  -7.097897e+00  -6.171001e+00
3.038620e+00  -6.963499e+00  -6.078749e+00  -5.978108e+00  -6.440455e+00
3.040998e+00  -6.440455e+00  -6.571210e+00  -5.978108e+00  -5.727836e+00
3.043362e+00  -7.839390e+00  -6.526726e+00  -6.440455e+00  -5.750289e+00
3.045714e+00  -6.692373e+00  -7.097897e+00  -6.313417e+00  -7.839390e+00
3.048053e+00  -6.407105e+00  -6.032238e+00  -7.839390e+00  -5.906478e+00
3.050380e+00  -6.407105e+00  -6.571210e+00  -6.440455e+00  -6.407105e+00
3.052694e+00  -6.526726e+00  -7.839390e+00  -6.440455e+00  -6.078749e+00
3.054996e+00  -6.171001e+00  -7.839390e+00  -6.258624e+00  -6.190052e+00
3.057286e+00  -6.190052e+00  -6.692373e+00  -5.990230e+00  -7.097897e+00
3.059563e+00  -5.978108e+00  -6.963499e+00  -7.097897e+00  -6.963499e+00
3.061829e+00  -5.940818e+00  -6.526726e+00  -6.313417e+00  -7.097897e+00
3.064083e+00  -6.190052e+00  -6.078749e+00  -6.078749e+00  -6.130844e+00
3.066326e+00  -6.018904e+00  -6.114175e+00  -6.313417e+00  -5.884180e+00
3.068557e+00  -6.407105e+00  -6.571210e+00  -5.916735e+00  -6.440455e+00
3.070776e+00  -5.916735e+00  -6.440455e+00  -5.845007e+00  -6.171001e+00
3.072985e+00  -6.692373e+00  -6.258624e+00  -6.692373e+00  -5.951930e+00
3.075182e+00  -6.313417e+00  -6.571210e+00  -6.313417e+00  -5.951930e+00
3.077368e+00  -7.839390e+00  -6.571210e+00  -6.440455e+00  -6.340092e+00
3.079543e+00  -6.078749e+00  -6.759172e+00  -6.340092e+00  -6.692373e+00
3.081707e+00  -6.258624e+00  -6.571210e+00  -5.845007e+00  -5.686138e+00
3.083861e+00  -6.692373e+00  -6.340092e+00  -6.963499e+00  -5.978108e+00
3.086004e+00  -6.571210e+00  -6.114175e+00  -7.097897e+00  -7.097897e+00
3.088136e+00  -5.853896e+00  -6.407105e+00  -7.839390e+00  -6.440455e+00
3.090258e+00  -6.571210e+00  -6.018904e+00  -6.190052e+00  -6.692373e+00
3.092370e+00  -6.963499e+00  -6.440455e+00  -6.313417e+00  -5.773967e+00
3.094471e+00  -6.692373e+00  -6.063932e+00  -6.692373e+00  -7.839390e+00
3.096562e+00  -5.978108e+00  -5.845007e+00  -6.018904e+00  -6.236397e+00
3.098644e+00  -6.171001e+00  -6.114175e+00  -6.114175e+00  -6.340092e+00
3.100715e+00  -6.078749e+00  -6.258624e+00  -5.990230e+00  -6.963499e+00
3.102777e+00  -6.759172e+00  -6.114175e+00  -6.236397e+00  -6.114175e+00
3.104828e+00  -7.839390e+00  -6.963499e+00  -6.078749e+00  -6.340092e+00
3.106871e+00  -6.130844e+00  -6.130844e+00  -6.759172e+00  -6.032238e+00
3.108903e+00  -7.839390e+00  -6.407105e+00  -6.078749e+00  -6.130844e+00
3.110926e+00  -6.063932e+00  -5.845007e+00  -6.692373e+00  -6.078749e+00
3.112940e+00  -6.407105e+00  -6.407105e+00  -6.526726e+00  -6.526726e+00
3.114944e+00  -6.759172e+00  -6.313417e+00  -6.130844e+00  -6.190052e+00
3.116940e+00  -6.407105e+00  -6.171001e+00  -5.825587e+00  -6.963499e+00
3.118926e+00  -6.018904e+00  -6.692373e+00  -6.236397e+00  -6.692373e+00
3.120903e+00  -5.874656e+00  -5.940818e+00  -6.571210e+00  -6.407105e+00
3.122871e+00  -6.114175e+00  -6.963499e+00  -6.440455e+00  -6.236397e+00
3.124830e+00  -6.692373e+00  -6.171001e+00  -6.130844e+00  -6.340092e+00
3.126781e+00  -5.916735e+00  -5.773967e+00  -5.906478e+00  -5.906478e+00
3.128722e+00  -6.114175e+00  -6.190052e+00  -6.963499e+00  -6.526726e+00
3.130655e+00  -7.839390e+00  -6.571210e+00  -6.190052e+00  -6.692373e+00
3.132580e+00  -6.963499e+00  -6.313417e+00  -6.340092e+00  -6.759172e+00
3.134496e+00  -5.853896e+00  -6.032238e+00  -6.258624e+00  -6.190052e+00
3.136403e+00  -6.407105e+00  -6.963499e+00  -6.440455e+00  -6.114175e+00
3.138303e+00  -6.759172e+00  -6.407105e+00  -5.773967e+00  -7.097897e+00
3.140194e+00  -6.190052e+00  -7.839390e+00  -6.571210e+00  -6.759172e+00
3.142076e+00  -6.018904e+00  -7.097897e+00  -5.990230e+00  -6.440455e+00
3.143951e+00  -6.692373e+00  -7.839390e+00  -6.236397e+00  -6.963499e+00
3.145818e+00  -6.171001e+00  -6.032238e+00  -7.839390e+00  -6.236397e+00
3.147676e+00  -6.258624e+00  -6.063932e+00  -6.526726e+00  -7.839390e+00
3.149527e+00  -6.078749e+00  -6.063932e+00  -7.097897e+00  -6.407105e+00
3.151370e+00  -6.258624e+00  -6.526726e+00  -7.839390e+00  -6.692373e+00
3.153205e+00  -6.407105e+00  -6.130844e+00  -6.190052e+00  -6.692373e+00
3.155032e+00  -5.978108e+00  -6.114175e+00  -6.190052e+00  -5.990230e+00
3.156852e+00  -6.130844e+00  -6.190052e+00  -6.236397e+00  -6.114175e+00
3.158664e+00  -6.571210e+00  -5.817253e+00  -6.407105e+00  -6.571210e+00
3.160469e+00  -6.526726e+00  -5.978108e+00  -7.839390e+00  -7.097897e+00
3.162266e+00  -7.839390e+00  -6.114175e+00  -6.063932e+00  -6.018904e+00
3.164055e+00  -6.018904e+00  -6.258624e+00  -7.097897e+00  -6.236397e+00
3.165838e+00  -5.874656e+00  -7.839390e+00  -5.978108e+00  -6.236397e+00
3.167613e+00  -6.407105e+00  -6.340092e+00  -6.313417e+00  -6.407105e+00
3.169380e+00  -6.692373e+00  -5.940818e+00  -6.440455e+00  -6.190052e+00
3.171141e+00  -6.313417e+00  -6.063932e+00  -6.440455e+00  -5.916735e+00
3.172895e+00  -6.018904e+00  -6.407105e+00  -6.526726e+00  -5.940818e+00
3.174641e+00  -6.759172e+00  -7.097897e+00  -7.839390e+00  -6.236397e+00
3.176381e+00  -6.759172e+00  -6.258624e+00  -7.839390e+00  -6.114175e+00
