#   N           Simpson's               Milne                 GSL
#-----------------------------------
 1001 2.3235356616863e-08 1.6029488044618e-08  5.100234854621e-12 
 5001 4.1582981211268e-10 2.8674722751797e-10 2.2266650330377e-14 
 9001 9.5662334728054e-11 6.5968467390635e-11 3.0470153083673e-15 
13001 3.8149803589724e-11 2.6307227015065e-11 5.8596448237833e-15 
17001 1.9508163933132e-11 1.3449056799548e-11 8.2035027532967e-15 
21001 1.1506936119153e-11 7.9316152334731e-12 8.2035027532967e-15 
25001 7.4299124436608e-12  5.129298692947e-12 8.2035027532967e-15 
29001 5.1351583377708e-12 3.5420381030806e-12 8.2035027532967e-15 
33001 3.7215776204813e-12  2.567227590196e-12 8.2035027532967e-15 
37001 2.7873158497773e-12 1.9230182382692e-12 8.2035027532967e-15 
41001 2.1616229754937e-12 1.4944438158577e-12 8.2035027532967e-15 
45001 1.7108990956483e-12 1.1739212439968e-12 8.2035027532967e-15 
49001 1.3860403866177e-12 9.5652842103439e-13 8.2035027532967e-15 
53001 1.1337240805056e-12 7.8120784790679e-13 8.2035027532967e-15 
57001 9.4352000952559e-13  6.583896924003e-13 8.2035027532967e-15 
61001 8.1167800099047e-13 5.5514275060523e-13 8.2035027532967e-15 
65001  6.853440585897e-13 4.6982632197095e-13 8.2035027532967e-15 
69001 5.9780096492238e-13 4.0853443711417e-13 8.2035027532967e-15 
73001 5.0744524173964e-13 3.5943061349087e-13 8.2035027532967e-15 
77001 4.4931756508771e-13  3.125534549006e-13 8.2035027532967e-15 
81001   3.82869192786e-13 2.7130155534117e-13 8.2035027532967e-15 
85001 3.4747693805035e-13 2.4235490991168e-13 8.2035027532967e-15 
89001 3.0188890132132e-13 2.1446300055047e-13 8.2035027532967e-15 
93001 2.7680962147552e-13 1.7907074581482e-13 8.2035027532967e-15 
97001 2.5981665148655e-13 1.6676549168487e-13 8.2035027532967e-15 
101001  2.191507164095e-13 1.5610093810559e-13 8.2035027532967e-15 
105001 2.1469738634342e-13 1.4192059763203e-13 8.2035027532967e-15 
109001 1.9348547208133e-13 1.2621674950429e-13 8.2035027532967e-15 
113001 1.7262513650866e-13 1.2586517081487e-13 8.2035027532967e-15 
117001 1.7590653760998e-13 1.0945816530827e-13 8.2035027532967e-15 
121001 1.4637392769811e-13 1.0383290627744e-13 8.2035027532967e-15 
125001 1.3383428777521e-13 9.3519931387582e-14 8.2035027532967e-15 
129001 1.0734869317171e-13 7.1839245539584e-14 8.2035027532967e-15 
133001 1.0887220082589e-13 6.9846966299497e-14 8.2035027532967e-15 
137001 1.1168483034131e-13 6.6682758094654e-14 8.2035027532967e-15 
141001 9.6098175110047e-14 7.9456783810502e-14 8.2035027532967e-15 
145001 1.0031711938317e-13  6.246381382153e-14 8.2035027532967e-15 
149001 8.9066601321507e-14 4.2775407213618e-14 8.2035027532967e-15 
153001 7.5472225330329e-14 3.7150148182786e-14 8.2035027532967e-15 
157001 7.4417489262048e-14 4.9806981002158e-14 8.2035027532967e-15 
161001 6.7268722577033e-14 6.1291884856774e-14 8.2035027532967e-15 
165001 6.8440651541789e-14 6.0002762995541e-14 8.2035027532967e-15 
169001 7.6175382709183e-14 4.2658214317143e-14 8.2035027532967e-15 
173001   6.59796007158e-14 2.9532609911868e-14 8.2035027532967e-15 
177001 5.4377503964709e-14 3.9728391905251e-14 8.2035027532967e-15 
181001 3.1290503359003e-14 2.2852614812755e-14 8.2035027532967e-15 
185001 5.2268031828147e-14 4.0900320870008e-14 8.2035027532967e-15 
189001 6.4924864647519e-14 4.1017513766483e-14 8.2035027532967e-15 
193001 7.2776788711389e-14 2.4844894052841e-14 8.2035027532967e-15 
197001 4.4650493557229e-14 3.0118574394246e-14 8.2035027532967e-15 
201001 4.1837864041813e-14 2.5313665638744e-14 8.2035027532967e-15 
205001 4.1720671145337e-14 2.8477873843587e-14 8.2035027532967e-15 
209001 4.9806981002158e-14  4.922101651978e-15 8.2035027532967e-15 
213001 4.0079970594678e-14 1.3945954680604e-14 8.2035027532967e-15 
217001  3.433751866737e-14 1.5938233920691e-14 8.2035027532967e-15 
221001 2.9532609911868e-14 1.5938233920691e-14 8.2035027532967e-15 
225001 2.3321386398658e-14 3.7736112665165e-14 8.2035027532967e-15 
229001 3.9025234526397e-14 2.3438579295133e-14 8.2035027532967e-15 
233001 3.4220325770895e-14 6.0940306167347e-15 8.2035027532967e-15 
237001 3.9728391905251e-14 9.0238530286263e-15 8.2035027532967e-15 
241001 7.2659595814913e-15 4.1017513766483e-15 8.2035027532967e-15 
245001 4.5939615418461e-14 3.0001381497771e-14 8.2035027532967e-15 
249001 2.7423137775306e-14 2.6954366189403e-14 8.2035027532967e-15 
253001 2.9884188601295e-14 2.4024543777512e-14 8.2035027532967e-15 
257001 1.4649112059458e-14 1.2774025715848e-14 8.2035027532967e-15 
261001  2.461050825989e-15 2.4376122466939e-14 8.2035027532967e-15 
265001 3.7736112665165e-14 5.8596448237833e-16 8.2035027532967e-15 
269001 3.4923483149749e-14 2.5196472742268e-14 8.2035027532967e-15 
273001 3.0587345980149e-14 1.2422447026421e-14 8.2035027532967e-15 
277001 2.8477873843587e-14 1.8516477643155e-14 8.2035027532967e-15 
281001 3.9962777698202e-14 8.2035027532967e-16 8.2035027532967e-15 
285001 8.5550814427237e-15 8.2035027532967e-15 8.2035027532967e-15 
289001  2.109472136562e-15 9.7270104074803e-15 8.2035027532967e-15 
293001 9.6098175110047e-15 1.3828761784129e-14 8.2035027532967e-15 
297001 1.5938233920691e-14 2.1446300055047e-14 8.2035027532967e-15 
301001 1.3711568887653e-14 2.3672965088085e-14 8.2035027532967e-15 
305001 2.6485594603501e-14 1.4297533370031e-14 8.2035027532967e-15 
309001 2.3438579295133e-16 6.4456093061617e-15 8.2035027532967e-15 
313001 1.8750863436107e-14 2.2618229019804e-14 8.2035027532967e-15 
317001 2.0508756883242e-14  5.625259030832e-15 8.2035027532967e-15 
321001 1.3594375991177e-14 1.6641391299545e-14 8.2035027532967e-15 
325001 3.0470153083673e-15 2.0391563986766e-14 8.2035027532967e-15 
329001 2.3321386398658e-14 9.2582388215777e-15 8.2035027532967e-15 
333001 2.0743142676193e-14 8.9066601321507e-15 8.2035027532967e-15 
337001 1.0898939372237e-14 1.7344548678399e-14 8.2035027532967e-15 
341001 1.9102442125534e-14 1.9336827918485e-14 8.2035027532967e-15 
345001 2.6719980396452e-14 1.3711568887653e-14 8.2035027532967e-15 
349001 4.6877158590267e-15  5.976837720259e-15 8.2035027532967e-15 
353001 2.0391563986766e-14 1.8985249229058e-14 8.2035027532967e-15 
357001  8.086309856821e-15 2.2735421916279e-14 8.2035027532967e-15 
361001 6.5628022026373e-15 2.1797878744474e-14 8.2035027532967e-15 
365001 1.1953675440518e-14 6.4456093061617e-15 8.2035027532967e-15 
369001 3.3985939977943e-14  5.625259030832e-15 8.2035027532967e-15 
373001  5.273680341405e-15 2.8360680947111e-14 8.2035027532967e-15 
377001 4.3361371695997e-15 1.4414726266507e-14 8.2035027532967e-15 
381001  1.757893447135e-15 2.6485594603501e-14 8.2035027532967e-15 
385001 9.3754317180533e-15  2.109472136562e-15 8.2035027532967e-15 
389001 1.8985249229058e-14 8.9066601321507e-15 8.2035027532967e-15 
393001 1.2539639922896e-14 1.0078589096907e-14 8.2035027532967e-15 
397001 1.8868056332582e-14 2.4258929570463e-14 8.2035027532967e-15 
401001 3.7501726872213e-15 1.2774025715848e-14 8.2035027532967e-15 
405001  5.976837720259e-15 1.0312974889859e-14 8.2035027532967e-15 
409001 1.1719289647567e-16  6.328416409686e-15 8.2035027532967e-15 
413001 1.2656832819372e-14  9.844203303956e-15 8.2035027532967e-15 
417001  8.086309856821e-15  2.461050825989e-15 8.2035027532967e-15 
421001  8.789467235675e-15 1.3945954680604e-14 8.2035027532967e-15 
425001 2.4141736673987e-14 1.5117883645361e-14 8.2035027532967e-15 
429001 9.9613962004317e-15 1.1719289647567e-16 8.2035027532967e-15 
433001 1.5703848127739e-14 3.0470153083673e-15 8.2035027532967e-15 
437001 2.8595066740063e-14 1.0312974889859e-14 8.2035027532967e-15 
441001 2.5782437224647e-15 3.9845584801727e-15 8.2035027532967e-15 
445001 2.8360680947111e-14 1.6875777092496e-14 8.2035027532967e-15 
449001  2.191507164095e-14 7.9691169603453e-15 8.2035027532967e-15 
453001 1.9336827918485e-14 2.0508756883242e-14 8.2035027532967e-15 
457001  1.675858419602e-14 1.1602096751091e-14 8.2035027532967e-15 
461001 1.6055426817166e-14 1.1133325165188e-14 8.2035027532967e-15 
465001 1.3711568887653e-14  2.461050825989e-15 8.2035027532967e-15 
469001 6.4456093061617e-15 6.5628022026373e-15 8.2035027532967e-15 
473001 6.4456093061617e-15 1.2774025715848e-14 8.2035027532967e-15 
477001 1.7461741574874e-14 3.1524889151954e-14 8.2035027532967e-15 
481001 3.0470153083673e-15 2.9298224118917e-15 8.2035027532967e-15 
485001 7.8519240638697e-15  1.406314757708e-15 8.2035027532967e-15 
489001 2.1446300055047e-14  1.324279730175e-14 8.2035027532967e-15 
493001 8.3206956497723e-15 2.0508756883242e-14 8.2035027532967e-15 
497001 1.0430167786334e-14 7.8519240638697e-15 8.2035027532967e-15 
501001 6.7971879955887e-15  6.679995099113e-15 8.2035027532967e-15 
505001 2.4024543777512e-14 7.8519240638697e-15 8.2035027532967e-15 
509001 3.9845584801727e-15  1.324279730175e-14 8.2035027532967e-15 
513001  1.054736068281e-14 6.4456093061617e-15 8.2035027532967e-15 
517001 1.2891218612323e-14 6.7971879955887e-15 8.2035027532967e-15 
521001  5.273680341405e-15 7.2659595814913e-15 8.2035027532967e-15 
525001 3.5743833425078e-14  9.844203303956e-15 8.2035027532967e-15 
529001 5.8596448237833e-15 7.8519240638697e-15 8.2035027532967e-15 
533001 5.1564874449293e-15 1.9102442125534e-14 8.2035027532967e-15 
537001  2.894664542949e-14 6.5628022026373e-15 8.2035027532967e-15 
541001 1.9922792400863e-14 1.2422447026421e-14 8.2035027532967e-15 
545001 1.0664553579286e-14 3.1876467841381e-14 8.2035027532967e-15 
549001 5.3908732378807e-15 3.9845584801727e-15 8.2035027532967e-15 
553001 1.1953675440518e-14 2.9415417015392e-14 8.2035027532967e-15 
557001  3.164208204843e-14 2.4141736673987e-14 8.2035027532967e-15 
561001  9.844203303956e-15   7.03157378854e-15 8.2035027532967e-15 
565001 3.5392254735651e-14 1.1602096751091e-14 8.2035027532967e-15 
569001 5.8596448237833e-15 6.2112235132103e-15 8.2035027532967e-15 
573001 1.7344548678399e-14  8.086309856821e-15 8.2035027532967e-15 
577001 2.3321386398658e-14 3.0001381497771e-14 8.2035027532967e-15 
581001  5.976837720259e-15 3.7501726872213e-15 8.2035027532967e-15 
585001 2.3087000605706e-14 2.4141736673987e-14 8.2035027532967e-15 
589001 8.6722743391993e-15 2.4024543777512e-14 8.2035027532967e-15 
593001 1.9571213711436e-14 8.9066601321507e-15 8.2035027532967e-15 
597001 6.9143808920643e-15 9.7270104074803e-15 8.2035027532967e-15 
601001 2.3438579295133e-16 5.5080661343563e-15 8.2035027532967e-15 
605001   3.51578689427e-16 1.3359990198226e-14 8.2035027532967e-15 
609001 2.5899630121122e-14  8.789467235675e-15 8.2035027532967e-15 
613001 1.5235076541837e-15 1.6407005506593e-15 8.2035027532967e-15 
617001 1.6641391299545e-14 1.8047706057253e-14 8.2035027532967e-15 
621001  7.383152477967e-15 8.2035027532967e-16 8.2035027532967e-15 
625001 1.7344548678399e-14 7.2659595814913e-15 8.2035027532967e-15 
629001  1.488349785241e-14 4.6877158590267e-15 8.2035027532967e-15 
633001 2.1446300055047e-14 2.5782437224647e-15 8.2035027532967e-15 
637001 3.6446990803932e-14 1.4180340473556e-14 8.2035027532967e-15 
641001 4.6877158590267e-16 2.2266650330377e-15 8.2035027532967e-15 
645001 1.1016132268713e-14 2.2149457433901e-14 8.2035027532967e-15 
649001 1.9922792400863e-15 4.6877158590267e-15 8.2035027532967e-15 
653001  1.054736068281e-15 1.6172619713642e-14 8.2035027532967e-15 
657001 2.4493315363414e-14 1.5352269438312e-14 8.2035027532967e-15 
661001 2.6134015914074e-14 1.4297533370031e-14 8.2035027532967e-15 
665001 4.2775407213618e-14 4.4533300660753e-15 8.2035027532967e-15 
669001 2.3204193502182e-14  7.734731167394e-15 8.2035027532967e-15 
673001  2.812629515416e-14 6.7971879955887e-15 8.2035027532967e-15 
677001 1.6407005506593e-14 2.0039985297339e-14 8.2035027532967e-15 
681001 2.4258929570463e-14 2.9884188601295e-14 8.2035027532967e-15 
685001 5.5080661343563e-15 3.4220325770895e-14 8.2035027532967e-15 
689001 4.2775407213618e-14 2.2618229019804e-14 8.2035027532967e-15 
693001 5.0744524173964e-14  4.922101651978e-15 8.2035027532967e-15 
697001 2.5196472742268e-14 1.5235076541837e-15 8.2035027532967e-15 
701001 1.6407005506593e-14  2.894664542949e-14 8.2035027532967e-15 
705001 1.6289812610118e-14 1.2422447026421e-14 8.2035027532967e-15 
709001 1.8282091850204e-14 1.5821041024215e-14 8.2035027532967e-15 
713001 1.3828761784129e-14 1.9571213711436e-14 8.2035027532967e-15 
717001   7.03157378854e-16 2.9884188601295e-14 8.2035027532967e-15 
721001 7.2659595814913e-15  2.461050825989e-15 8.2035027532967e-15 
725001 1.4414726266507e-14 1.5235076541837e-14 8.2035027532967e-15 
729001 2.6485594603501e-14 4.3244178799521e-14 8.2035027532967e-15 
733001 2.6954366189403e-14 1.1484903854615e-14 8.2035027532967e-15 
737001  6.679995099113e-15 6.4456093061617e-15 8.2035027532967e-15 
741001 4.3830143281899e-14 1.4766304955934e-14 8.2035027532967e-15 
745001 2.6602787499976e-14 1.3477183094702e-14 8.2035027532967e-15 
749001 7.8519240638697e-15 2.7423137775306e-14 8.2035027532967e-15 
753001 5.8596448237833e-16 3.0001381497771e-14 8.2035027532967e-15 
757001                   0 2.1680685847998e-14 8.2035027532967e-15 
761001 2.3438579295133e-16 8.6722743391993e-15 8.2035027532967e-15 
765001 1.3828761784129e-14 5.3908732378807e-15 8.2035027532967e-15 
769001  1.675858419602e-14  8.437888546248e-15 8.2035027532967e-15 
773001 2.6954366189403e-15 6.7971879955887e-15 8.2035027532967e-15 
777001 1.6407005506593e-15 2.6016823017598e-14 8.2035027532967e-15 
781001 3.7032955286311e-14 2.2266650330377e-15 8.2035027532967e-15 
785001  3.164208204843e-14  2.461050825989e-14 8.2035027532967e-15 
789001 1.3359990198226e-14 9.2582388215777e-15 8.2035027532967e-15 
793001 3.3985939977943e-15 2.0039985297339e-14 8.2035027532967e-15 
797001 4.0197163491154e-14 3.2931203909662e-14 8.2035027532967e-15 
801001 1.8985249229058e-14 1.9454020814961e-14 8.2035027532967e-15 
805001 2.3555772191609e-14 2.8829452533014e-14 8.2035027532967e-15 
809001 8.5550814427237e-15 1.0781746475761e-14 8.2035027532967e-15 
813001 5.5080661343563e-15  1.757893447135e-14 8.2035027532967e-15 
817001 1.9219635022009e-14 1.4766304955934e-14 8.2035027532967e-15 
821001  2.461050825989e-15 3.2814011013187e-15 8.2035027532967e-15 
825001 2.3321386398658e-14 5.0392945484537e-15 8.2035027532967e-15 
829001 4.3361371695997e-15 3.7736112665165e-14 8.2035027532967e-15 
833001 1.5586655231264e-14 2.4376122466939e-14 8.2035027532967e-15 
837001 3.2696818116711e-14  7.383152477967e-15 8.2035027532967e-15 
841001 3.3985939977943e-15 1.5235076541837e-15 8.2035027532967e-15 
845001  5.625259030832e-15 1.1719289647567e-15 8.2035027532967e-15 
849001 1.1133325165188e-14 2.0391563986766e-14 8.2035027532967e-15 
853001 3.3282782599089e-14  8.437888546248e-15 8.2035027532967e-15 
857001 4.2423828524191e-14 3.6329797907457e-15 8.2035027532967e-15 
861001 4.3244178799521e-14 1.7813320264301e-14 8.2035027532967e-15 
865001 9.3754317180533e-16  7.383152477967e-15 8.2035027532967e-15 
869001 3.9845584801727e-15   3.51578689427e-16 8.2035027532967e-15 
873001 2.2383843226852e-14 1.8047706057253e-14 8.2035027532967e-15 
877001 2.4024543777512e-14 3.4689097356797e-14 8.2035027532967e-15 
881001 2.4844894052841e-14 1.3945954680604e-14 8.2035027532967e-15 
885001  1.136771095814e-14 1.1719289647567e-16 8.2035027532967e-15 
889001 3.2696818116711e-14 1.3945954680604e-14 8.2035027532967e-15 
893001 7.1487666850157e-15 9.0238530286263e-15 8.2035027532967e-15 
897001 1.5821041024215e-14  1.406314757708e-15 8.2035027532967e-15 
901001 2.3438579295133e-16  4.922101651978e-15 8.2035027532967e-15 
905001 3.9025234526397e-14  5.976837720259e-15 8.2035027532967e-15 
909001 2.0508756883242e-14 6.1877849339152e-14 8.2035027532967e-15 
913001 2.6368401707025e-14  2.109472136562e-15 8.2035027532967e-15 
917001 2.3438579295133e-16 1.3008411508799e-14 8.2035027532967e-15 
921001 1.0781746475761e-14 7.8519240638697e-15 8.2035027532967e-15 
925001 1.2305254129945e-14 1.9454020814961e-14 8.2035027532967e-15 
929001 1.4766304955934e-14 1.9922792400863e-14 8.2035027532967e-15 
933001 2.2383843226852e-14 6.4456093061617e-15 8.2035027532967e-15 
937001 1.2774025715848e-14 1.4414726266507e-14 8.2035027532967e-15 
941001  1.488349785241e-14 1.4297533370031e-14 8.2035027532967e-15 
945001 3.6329797907457e-15 2.5899630121122e-14 8.2035027532967e-15 
949001 7.7816083259843e-14 4.3361371695997e-15 8.2035027532967e-15 
953001 4.8049087555023e-15 4.0431549284105e-14 8.2035027532967e-15 
957001 1.5117883645361e-14 3.0001381497771e-14 8.2035027532967e-15 
961001 2.5782437224647e-15 2.9649802808344e-14 8.2035027532967e-15 
965001 6.7971879955887e-15 6.2112235132103e-15 8.2035027532967e-15 
969001 1.5469462334788e-14 3.0235767290722e-14 8.2035027532967e-15 
973001 8.5550814427237e-15 1.6875777092496e-14 8.2035027532967e-15 
977001 9.3754317180533e-16 4.3244178799521e-14 8.2035027532967e-15 
981001 3.3985939977943e-15 5.3908732378807e-15 8.2035027532967e-15 
985001 2.7071559085879e-14 3.1173310462527e-14 8.2035027532967e-15 
989001 2.2266650330377e-15 3.2814011013187e-15 8.2035027532967e-15 
993001  4.218944273124e-15 5.4729082654136e-14 8.2035027532967e-15 
997001 1.0312974889859e-14 7.8519240638697e-15 8.2035027532967e-15 
1001001 5.0744524173964e-14 1.8750863436107e-14 8.2035027532967e-15 
1005001 3.9025234526397e-14 5.1096102863391e-14 8.2035027532967e-15 
1009001 1.2070868336994e-14 1.3711568887653e-14 8.2035027532967e-15 
1013001 3.8908041629921e-14  3.246243232376e-14 8.2035027532967e-15 
1017001 2.2969807709231e-14 3.1290503359003e-14 8.2035027532967e-15 
1021001 1.1719289647567e-16 9.6098175110047e-15 8.2035027532967e-15 
1025001 2.1563492951523e-14 9.2582388215777e-15 8.2035027532967e-15 
1029001 2.1446300055047e-14 2.1329107158571e-14 8.2035027532967e-15 
1033001 7.6175382709183e-15  9.141045925102e-15 8.2035027532967e-15 
1037001 2.3204193502182e-14 1.7696127367826e-14 8.2035027532967e-15 
1041001 1.6875777092496e-14 1.2070868336994e-14 8.2035027532967e-15 
1045001 3.3048396806138e-14 8.3206956497723e-15 8.2035027532967e-15 
1049001 3.7501726872213e-14 6.0940306167347e-15 8.2035027532967e-15 
1053001 5.7190133480125e-14 1.7930513160777e-14 8.2035027532967e-15 
1057001 6.4456093061617e-15 3.2110853634333e-14 8.2035027532967e-15 
1061001 1.1719289647567e-16   3.51578689427e-15 8.2035027532967e-15 
1065001  1.054736068281e-15 3.3282782599089e-14 8.2035027532967e-15 
1069001 1.3477183094702e-14 5.4611889757661e-14 8.2035027532967e-15 
1073001 1.9922792400863e-15 1.0312974889859e-14 8.2035027532967e-15 
1077001 1.1016132268713e-14 2.5782437224647e-15 8.2035027532967e-15 
1081001 1.2891218612323e-15 1.6055426817166e-14 8.2035027532967e-15 
1085001 2.8243488050636e-14 2.5665244328171e-14 8.2035027532967e-15 
1089001 1.6524198403069e-14 1.1719289647567e-14 8.2035027532967e-15 
1093001 2.8477873843587e-14 2.0157178193815e-14 8.2035027532967e-15 
1097001 2.1446300055047e-14  1.757893447135e-14 8.2035027532967e-15 
1101001  2.543085853522e-14 4.4533300660753e-15 8.2035027532967e-15 
1105001 3.2814011013187e-14 2.8829452533014e-14 8.2035027532967e-15 
1109001 1.2070868336994e-14 1.3711568887653e-14 8.2035027532967e-15 
1113001 3.6681376596884e-14 1.0664553579286e-14 8.2035027532967e-15 
1117001  4.218944273124e-15 3.6915762389835e-14 8.2035027532967e-15 
1121001 2.6954366189403e-14 3.5861026321554e-14 8.2035027532967e-15 
1125001 1.1719289647567e-16 2.0157178193815e-14 8.2035027532967e-15 
1129001  4.488487935018e-14 2.3087000605706e-14 8.2035027532967e-15 
1133001 1.4766304955934e-14  1.488349785241e-14 8.2035027532967e-15 
1137001 2.7071559085879e-14 5.9416798513163e-14 8.2035027532967e-15 
1141001  1.054736068281e-15 1.2891218612323e-15 8.2035027532967e-15 
1145001  2.461050825989e-14 5.3908732378807e-15 8.2035027532967e-15 
1149001 4.6877158590267e-15 1.0078589096907e-14 8.2035027532967e-15 
1153001 1.1836482544042e-14 1.6407005506593e-14 8.2035027532967e-15 
1157001 3.6329797907457e-15 6.7971879955887e-15 8.2035027532967e-15 
1161001 6.8089072852362e-14 7.2659595814913e-15 8.2035027532967e-15 
1165001 1.2891218612323e-15 1.6992969988972e-14 8.2035027532967e-15 
1169001  3.867365583697e-15 1.4766304955934e-14 8.2035027532967e-15 
1173001 2.0625949779717e-14 6.0237148788493e-14 8.2035027532967e-15 
1177001   3.51578689427e-15 2.6954366189403e-15 8.2035027532967e-15 
1181001 1.7696127367826e-14  5.543224003299e-14 8.2035027532967e-15 
1185001 1.4180340473556e-14 1.3477183094702e-14 8.2035027532967e-15 
1189001 7.6175382709183e-15 2.3438579295133e-15 8.2035027532967e-15 
1193001 8.2035027532967e-15 2.3672965088085e-14 8.2035027532967e-15 
1197001 2.2969807709231e-14  5.976837720259e-15 8.2035027532967e-15 
1201001 1.0078589096907e-14 4.1720671145337e-14 8.2035027532967e-15 
1205001 3.0470153083673e-14 1.3711568887653e-14 8.2035027532967e-15 
1209001 2.0625949779717e-14 2.0977528469144e-14 8.2035027532967e-15 
1213001 7.4300296365573e-14 3.9962777698202e-14 8.2035027532967e-15 
1217001 4.1017513766483e-15 1.1836482544042e-14 8.2035027532967e-15 
1221001 2.3438579295133e-16  5.625259030832e-15 8.2035027532967e-15 
1225001 1.6055426817166e-14 5.0744524173964e-14 8.2035027532967e-15 
1229001 5.5901011618893e-14  9.492624614529e-15 8.2035027532967e-15 
1233001 1.7227355781923e-14 2.3204193502182e-14 8.2035027532967e-15 
1237001 5.6018204515369e-14 3.2814011013187e-15 8.2035027532967e-15 
1241001 2.8477873843587e-14 4.0431549284105e-14 8.2035027532967e-15 
1245001 2.3321386398658e-14  3.246243232376e-14 8.2035027532967e-15 
1249001   7.03157378854e-16   7.03157378854e-16 8.2035027532967e-15 
1253001 1.4180340473556e-14  5.625259030832e-15 8.2035027532967e-15 
1257001 1.4766304955934e-14 4.6056808314937e-14 8.2035027532967e-15 
1261001 4.3712950385424e-14 1.5703848127739e-14 8.2035027532967e-15 
1265001 3.0587345980149e-14 3.1993660737857e-14 8.2035027532967e-15 
1269001  3.867365583697e-14  7.734731167394e-15 8.2035027532967e-15 
1273001 1.4297533370031e-14 3.5626640528603e-14 8.2035027532967e-15 
1277001 1.5117883645361e-14   3.51578689427e-16 8.2035027532967e-15 
1281001 2.2852614812755e-14  1.757893447135e-15 8.2035027532967e-15 
1285001 4.2775407213618e-14 1.9922792400863e-15 8.2035027532967e-15 
1289001 1.4180340473556e-14  4.136909245591e-14 8.2035027532967e-15 
1293001 2.0039985297339e-14 2.5899630121122e-14 8.2035027532967e-15 
1297001 1.3008411508799e-14 5.3908732378807e-15 8.2035027532967e-15 
1301001  4.218944273124e-14 3.1759274944906e-14 8.2035027532967e-15 
1305001 2.0391563986766e-14 6.4456093061617e-15 8.2035027532967e-15 
1309001  1.757893447135e-15 1.9922792400863e-14 8.2035027532967e-15 
1313001 2.9298224118917e-14 1.1250518061664e-14 8.2035027532967e-15 
1317001 2.2618229019804e-14 1.4766304955934e-14 8.2035027532967e-15 
1321001 1.1484903854615e-14 6.6096793612276e-14 8.2035027532967e-15 
1325001 8.2035027532967e-16 2.7071559085879e-14 8.2035027532967e-15 
1329001 1.2188061233469e-14 4.5236458039607e-14 8.2035027532967e-15 
1333001 2.6719980396452e-14 1.1250518061664e-14 8.2035027532967e-15 
1337001 2.6837173292928e-14 3.4689097356797e-14 8.2035027532967e-15 
1341001 4.8049087555023e-15 1.8516477643155e-14 8.2035027532967e-15 
1345001 2.6134015914074e-14 2.8009102257684e-14 8.2035027532967e-15 
1349001 6.7971879955887e-15 4.6877158590267e-14 8.2035027532967e-15 
1353001 6.2112235132103e-15  7.383152477967e-15 8.2035027532967e-15 
1357001 1.1953675440518e-14 1.0430167786334e-14 8.2035027532967e-15 
1361001 2.1211914262096e-14 1.9102442125534e-14 8.2035027532967e-15 
1365001 2.4258929570463e-14 4.2072249834764e-14 8.2035027532967e-15 
1369001 1.2305254129945e-14 1.6407005506593e-15 8.2035027532967e-15 
1373001 6.0705920374395e-14 1.6407005506593e-14 8.2035027532967e-15 
1377001 2.3438579295133e-15 5.5080661343563e-14 8.2035027532967e-15 
1381001 1.4414726266507e-14 1.8750863436107e-15 8.2035027532967e-15 
1385001 2.3907350881036e-14  2.812629515416e-15 8.2035027532967e-15 
1389001 3.1993660737857e-14 2.5313665638744e-14 8.2035027532967e-15 
1393001 2.9884188601295e-14  1.406314757708e-15 8.2035027532967e-15 
1397001 5.3205574999953e-14 2.7540330671782e-14 8.2035027532967e-15 
1401001 7.1956438436059e-14 4.8049087555023e-15 8.2035027532967e-15 
1405001 1.0898939372237e-14 2.1563492951523e-14 8.2035027532967e-15 
1409001 1.2188061233469e-14  2.812629515416e-15 8.2035027532967e-15 
1413001 2.2735421916279e-14 2.2618229019804e-14 8.2035027532967e-15 
1417001  9.492624614529e-15 2.7071559085879e-14 8.2035027532967e-15 
1421001 4.9689788105683e-14 5.0392945484537e-15 8.2035027532967e-15 
1425001 2.8829452533014e-14 2.2501036123328e-14 8.2035027532967e-15 
1429001 1.2891218612323e-15 1.1484903854615e-14 8.2035027532967e-15 
1433001 7.6175382709183e-15  9.492624614529e-15 8.2035027532967e-15 
1437001 5.6838554790698e-14 4.0900320870008e-14 8.2035027532967e-15 
1441001 5.1330488656342e-14 2.3438579295133e-14 8.2035027532967e-15 
1445001 2.4844894052841e-14 3.0470153083673e-15 8.2035027532967e-15 
1449001  3.164208204843e-14  1.675858419602e-14 8.2035027532967e-15 
1453001 4.1603478248862e-14 3.8204884251067e-14 8.2035027532967e-15 
1457001 5.0392945484537e-15 3.2345239427284e-14 8.2035027532967e-15 
1461001  2.109472136562e-14 9.9613962004317e-15 8.2035027532967e-15 
1465001 2.9766995704819e-14 4.6877158590267e-16 8.2035027532967e-15 
1469001 1.1250518061664e-14 3.9845584801727e-14 8.2035027532967e-15 
1473001 1.5703848127739e-14 9.6098175110047e-15 8.2035027532967e-15 
1477001  2.461050825989e-15 4.6877158590267e-15 8.2035027532967e-15 
1481001 2.6368401707025e-14 2.3321386398658e-14 8.2035027532967e-15 
1485001 1.9219635022009e-14 8.0159941189356e-14 8.2035027532967e-15 
1489001 1.7344548678399e-14  9.141045925102e-15 8.2035027532967e-15 
1493001 5.4260311068234e-14 5.9065219823736e-14 8.2035027532967e-15 
1497001 3.1876467841381e-14 1.6289812610118e-14 8.2035027532967e-15 
1501001 5.1564874449293e-15  8.789467235675e-15 8.2035027532967e-15 
1505001 2.2266650330377e-15 3.1173310462527e-14 8.2035027532967e-15 
1509001 3.3751554184992e-14 2.1329107158571e-14 8.2035027532967e-15 
1513001 5.0861717070439e-14 1.1016132268713e-14 8.2035027532967e-15 
1517001 2.6602787499976e-14 2.0039985297339e-14 8.2035027532967e-15 
1521001  4.300979300657e-14 3.4454711563846e-14 8.2035027532967e-15 
1525001 9.6098175110047e-15 4.2423828524191e-14 8.2035027532967e-15 
1529001  6.679995099113e-15 6.5628022026373e-15 8.2035027532967e-15 
1533001 2.8477873843587e-14 1.4414726266507e-14 8.2035027532967e-15 
1537001 1.4414726266507e-14 1.3477183094702e-14 8.2035027532967e-15 
1541001  4.922101651978e-15 3.4571904460322e-14 8.2035027532967e-15 
1545001 4.0079970594678e-14  1.406314757708e-14 8.2035027532967e-15 
1549001 2.0860335572669e-14 4.5002072246656e-14 8.2035027532967e-15 
1553001 3.9611199008775e-14 1.8633670539631e-14 8.2035027532967e-15 
1557001 1.6289812610118e-14 2.2501036123328e-14 8.2035027532967e-15 
1561001  3.867365583697e-15 1.8985249229058e-14 8.2035027532967e-15 
1565001 9.9613962004317e-15 1.6289812610118e-14 8.2035027532967e-15 
1569001 4.2658214317143e-14  8.789467235675e-15 8.2035027532967e-15 
1573001 3.7267341079262e-14 3.8439270044019e-14 8.2035027532967e-15 
1577001 5.8362062444882e-14 6.5628022026373e-15 8.2035027532967e-15 
1581001 4.4533300660753e-15  5.273680341405e-14 8.2035027532967e-15 
1585001 2.8829452533014e-14 3.5626640528603e-14 8.2035027532967e-15 
1589001 2.6602787499976e-14 8.5550814427237e-15 8.2035027532967e-15 
1593001 1.6407005506593e-15  7.383152477967e-15 8.2035027532967e-15 
1597001 3.2814011013187e-14 4.5822422521986e-14 8.2035027532967e-15 
1601001 2.4141736673987e-14  9.141045925102e-15 8.2035027532967e-15 
1605001 3.9962777698202e-14 3.6095412114505e-14 8.2035027532967e-15 
1609001 8.2035027532967e-15 1.3125604405275e-14 8.2035027532967e-15 
1613001  4.570522962551e-15   7.03157378854e-16 8.2035027532967e-15 
1617001 5.3908732378807e-14  9.492624614529e-15 8.2035027532967e-15 
1621001 1.6289812610118e-14 2.9884188601295e-14 8.2035027532967e-15 
1625001 4.7580315969121e-14  5.625259030832e-15 8.2035027532967e-15 
1629001 4.0079970594678e-14 2.0743142676193e-14 8.2035027532967e-15 
1633001 1.3359990198226e-14  5.976837720259e-15 8.2035027532967e-15 
1637001 9.3754317180533e-16 6.7971879955887e-15 8.2035027532967e-15 
1641001 9.7270104074803e-15 1.3594375991177e-14 8.2035027532967e-15 
1645001 1.9922792400863e-15 1.9336827918485e-14 8.2035027532967e-15 
1649001  1.839928474668e-14 1.1719289647567e-14 8.2035027532967e-15 
1653001 7.9691169603453e-15 2.3672965088085e-14 8.2035027532967e-15 
1657001  2.191507164095e-14 8.3206956497723e-15 8.2035027532967e-15 
1661001 2.6134015914074e-14 1.0898939372237e-14 8.2035027532967e-15 
1665001 2.5782437224647e-15 2.2618229019804e-14 8.2035027532967e-15 
1669001 2.4962086949317e-14 7.5003453744427e-15 8.2035027532967e-15 
1673001 2.2852614812755e-14  1.054736068281e-15 8.2035027532967e-15 
1677001 2.3907350881036e-14 5.7424519273077e-15 8.2035027532967e-15 
1681001  4.136909245591e-14 7.6175382709183e-14 8.2035027532967e-15 
1685001  4.218944273124e-14 5.5080661343563e-15 8.2035027532967e-15 
1689001 1.1133325165188e-14 6.9143808920643e-15 8.2035027532967e-15 
1693001 3.7267341079262e-14  1.406314757708e-15 8.2035027532967e-15 
1697001 7.6175382709183e-15 2.9884188601295e-14 8.2035027532967e-15 
1701001 1.6055426817166e-14 3.4806290253273e-14 8.2035027532967e-15 
1705001 3.2931203909662e-14 1.8750863436107e-14 8.2035027532967e-15 
1709001 1.9571213711436e-14 2.2266650330377e-15 8.2035027532967e-15 
1713001 3.2110853634333e-14 2.3438579295133e-15 8.2035027532967e-15 
1717001 2.1563492951523e-14 1.1719289647567e-15 8.2035027532967e-15 
1721001 1.0312974889859e-14 7.9691169603453e-15 8.2035027532967e-15 
1725001 1.5235076541837e-14 4.9103823623304e-14 8.2035027532967e-15 
1729001 1.1133325165188e-14 2.6719980396452e-14 8.2035027532967e-15 
1733001 7.2659595814913e-15   7.03157378854e-16 8.2035027532967e-15 
1737001 6.0471534581444e-14 4.0197163491154e-14 8.2035027532967e-15 
1741001 2.5313665638744e-14  1.839928474668e-14 8.2035027532967e-15 
1745001 3.4923483149749e-14  2.109472136562e-15 8.2035027532967e-15 
1749001 5.8596448237833e-15 2.9298224118917e-15 8.2035027532967e-15 
1753001 1.0781746475761e-14 9.6098175110047e-15 8.2035027532967e-15 
1757001  1.136771095814e-14  2.730594487883e-14 8.2035027532967e-15 
1761001 6.2932585407433e-14 3.3517168392041e-14 8.2035027532967e-15 
1765001 4.2072249834764e-14 2.2032264537425e-14 8.2035027532967e-15 
1769001 3.7970498458116e-14 1.0781746475761e-14 8.2035027532967e-15 
1773001 3.2345239427284e-14 7.6175382709183e-15 8.2035027532967e-15 
1777001  4.300979300657e-14 1.1836482544042e-14 8.2035027532967e-15 
1781001 5.0861717070439e-14 1.8985249229058e-14 8.2035027532967e-15 
1785001 5.9885570099066e-14 4.0079970594678e-14 8.2035027532967e-15 
1789001  1.488349785241e-14 5.9299605616687e-14 8.2035027532967e-15 
1793001  1.488349785241e-14 4.9455402312731e-14 8.2035027532967e-15 
1797001 4.5588036729034e-14 1.7930513160777e-14 8.2035027532967e-15 
1801001 1.9336827918485e-14 1.4414726266507e-14 8.2035027532967e-15 
1805001 1.5235076541837e-15  1.757893447135e-14 8.2035027532967e-15 
1809001 6.4456093061617e-15 3.1290503359003e-14 8.2035027532967e-15 
1813001 3.3751554184992e-14 4.3361371695997e-14 8.2035027532967e-15 
1817001  2.461050825989e-15  8.086309856821e-15 8.2035027532967e-15 
1821001 2.1329107158571e-14 4.6877158590267e-14 8.2035027532967e-15 
1825001 8.9066601321507e-15 1.8282091850204e-14 8.2035027532967e-15 
1829001 1.7461741574874e-14 2.3672965088085e-14 8.2035027532967e-15 
1833001 5.7893290858979e-14 3.8790848733446e-14 8.2035027532967e-15 
1837001 8.1449063050588e-14 5.8596448237833e-15 8.2035027532967e-15 
1841001 6.7151529680557e-14 2.8009102257684e-14 8.2035027532967e-15 
1845001 2.2266650330377e-15 2.2266650330377e-15 8.2035027532967e-15 
1849001 2.2969807709231e-14  2.812629515416e-15 8.2035027532967e-15 
1853001 1.0430167786334e-14 5.8596448237833e-16 8.2035027532967e-15 
1857001   7.03157378854e-14 4.1017513766483e-15 8.2035027532967e-15 
1861001 5.1564874449293e-15 1.5117883645361e-14 8.2035027532967e-15 
1865001 1.0430167786334e-14 5.6604168997747e-14 8.2035027532967e-15 
1869001 8.8949408425031e-14 1.4414726266507e-14 8.2035027532967e-15 
1873001 5.5080661343563e-15 1.8164898953728e-14 8.2035027532967e-15 
1877001 1.1250518061664e-14 3.2814011013187e-14 8.2035027532967e-15 
1881001 4.5939615418461e-14 1.9922792400863e-14 8.2035027532967e-15 
1885001 5.1682067345769e-14  2.894664542949e-14 8.2035027532967e-15 
1889001 4.3361371695997e-14  1.406314757708e-14 8.2035027532967e-15 
1893001 2.0508756883242e-14 2.7071559085879e-14 8.2035027532967e-15 
1897001 2.1680685847998e-14 1.2656832819372e-14 8.2035027532967e-15 
1901001 3.1056117566052e-14  5.355715368938e-14 8.2035027532967e-15 
1905001 3.5040676046224e-14 4.3478564592472e-14 8.2035027532967e-15 
1909001 2.1211914262096e-14   7.03157378854e-16 8.2035027532967e-15 
1913001 3.6446990803932e-14 1.0078589096907e-14 8.2035027532967e-15 
1917001 2.6368401707025e-14 1.4531919162983e-14 8.2035027532967e-15 
1921001 1.2891218612323e-15 6.0823113270871e-14 8.2035027532967e-15 
1925001 3.3868747081468e-14  4.488487935018e-14 8.2035027532967e-15 
1929001 1.6289812610118e-14 1.1602096751091e-14 8.2035027532967e-15 
1933001 1.6992969988972e-14 3.9611199008775e-14 8.2035027532967e-15 
1937001 1.1484903854615e-14 2.3438579295133e-16 8.2035027532967e-15 
1941001 1.4649112059458e-14 3.0704538876625e-14 8.2035027532967e-15 
1945001  4.922101651978e-15 5.4260311068234e-14 8.2035027532967e-15 
1949001 2.7891909361209e-14 1.1719289647567e-16 8.2035027532967e-15 
1953001 6.6565565198179e-14 2.0039985297339e-14 8.2035027532967e-15 
1957001 2.3438579295133e-14 9.6098175110047e-15 8.2035027532967e-15 
1961001 1.9102442125534e-14   7.03157378854e-15 8.2035027532967e-15 
1965001 1.6407005506593e-15 5.8362062444882e-14 8.2035027532967e-15 
1969001  8.789467235675e-15 2.3555772191609e-14 8.2035027532967e-15 
1973001  5.355715368938e-14 1.3594375991177e-14 8.2035027532967e-15 
1977001 1.9219635022009e-14 5.5315047136515e-14 8.2035027532967e-15 
1981001 7.2659595814913e-15 5.2385224724623e-14 8.2035027532967e-15 
1985001 3.8204884251067e-14 9.6098175110047e-15 8.2035027532967e-15 
1989001 8.6722743391993e-15 1.9454020814961e-14 8.2035027532967e-15 
1993001 1.1578658171796e-13 3.2814011013187e-15 8.2035027532967e-15 
1997001 6.8792230231216e-14 5.4025925275282e-14 8.2035027532967e-15 
