0.00000000e+00   0.00000000e+00   0.00000000e+00
5.00000000e-02   8.47575890e-02   9.51229839e-02
1.00000000e-01   1.67420085e-01   1.80967563e-01
1.50000000e-01   2.46063925e-01   2.58212506e-01
2.00000000e-01   3.19087431e-01   3.27492444e-01
2.50000000e-01   3.85321915e-01   3.89400561e-01
3.00000000e-01   4.44091121e-01   4.44491126e-01
3.50000000e-01   4.95213992e-01   4.93281878e-01
4.00000000e-01   5.38953638e-01   5.36256271e-01
4.50000000e-01   5.75922640e-01   5.73865587e-01
5.00000000e-01   6.06960243e-01   6.06530924e-01
5.50000000e-01   6.32999941e-01   6.34645068e-01
6.00000000e-01   6.54945937e-01   6.58574251e-01
6.50000000e-01   6.73574229e-01   6.78659806e-01
7.00000000e-01   6.89469135e-01   6.95219728e-01
7.50000000e-01   7.02999834e-01   7.08550138e-01
8.00000000e-01   7.14335003e-01   7.18926656e-01
8.50000000e-01   7.23488010e-01   7.26605701e-01
9.00000000e-01   7.30381079e-01   7.31825707e-01
9.50000000e-01   7.34915102e-01   7.34808265e-01
1.00000000e+00   7.37032240e-01   7.35759203e-01
1.05000000e+00   7.36761140e-01   7.34869594e-01
1.10000000e+00   7.34238598e-01   7.32316703e-01
1.15000000e+00   7.29706321e-01   7.28264887e-01
1.20000000e+00   7.23485940e-01   7.22866424e-01
1.25000000e+00   7.15939075e-01   7.16262304e-01
1.30000000e+00   7.07421301e-01   7.08582971e-01
1.35000000e+00   6.98239219e-01   6.99949009e-01
1.40000000e+00   6.88618472e-01   6.90471800e-01
1.45000000e+00   6.78687897e-01   6.80254132e-01
1.50000000e+00   6.68481615e-01   6.69390772e-01
1.55000000e+00   6.57957386e-01   6.57969006e-01
1.60000000e+00   6.47026711e-01   6.46069139e-01
1.65000000e+00   6.35590252e-01   6.33764975e-01
1.70000000e+00   6.23571667e-01   6.21124253e-01
1.75000000e+00   6.10943698e-01   6.08209067e-01
1.80000000e+00   5.97742218e-01   5.95076257e-01
1.85000000e+00   5.84066470e-01   5.81777769e-01
1.90000000e+00   5.70066409e-01   5.68361001e-01
1.95000000e+00   5.55920400e-01   5.54869121e-01
2.00000000e+00   5.41808089e-01   5.41341369e-01
2.05000000e+00   5.27883881e-01   5.27813335e-01
2.10000000e+00   5.14255985e-01   5.14317223e-01
2.15000000e+00   5.00974655e-01   5.00882097e-01
2.20000000e+00   4.88031333e-01   4.87534109e-01
2.25000000e+00   4.75368276e-01   4.74296717e-01
2.30000000e+00   4.62896333e-01   4.61190882e-01
2.35000000e+00   4.50517156e-01   4.48235258e-01
2.40000000e+00   4.38145538e-01   4.35446366e-01
2.45000000e+00   4.25727789e-01   4.22838758e-01
2.50000000e+00   4.13252988e-01   4.10425172e-01
2.55000000e+00   4.00755467e-01   3.98216670e-01
2.60000000e+00   3.88308549e-01   3.86222775e-01
2.65000000e+00   3.76011155e-01   3.74451593e-01
2.70000000e+00   3.63970118e-01   3.62909927e-01
2.75000000e+00   3.52281656e-01   3.51603390e-01
2.80000000e+00   3.41015417e-01   3.40536499e-01
2.85000000e+00   3.30203881e-01   3.29712773e-01
2.90000000e+00   3.19838765e-01   3.19134815e-01
2.95000000e+00   3.09874765e-01   3.08804400e-01
3.00000000e+00   3.00239606e-01   2.98722540e-01
3.05000000e+00   2.90848321e-01   2.88889565e-01
3.10000000e+00   2.81619026e-01   2.79305177e-01
3.15000000e+00   2.72487339e-01   2.69968517e-01
3.20000000e+00   2.63416969e-01   2.60878219e-01
3.25000000e+00   2.54404807e-01   2.52032461e-01
3.30000000e+00   2.45479902e-01   2.43429011e-01
3.35000000e+00   2.36696794e-01   2.35065275e-01
3.40000000e+00   2.28124637e-01   2.26938335e-01
3.45000000e+00   2.19834202e-01   2.19044987e-01
3.50000000e+00   2.11885105e-01   2.11381776e-01
3.55000000e+00   2.04315443e-01   2.03945030e-01
3.60000000e+00   1.97135503e-01   1.96730887e-01
3.65000000e+00   1.90326430e-01   1.89735323e-01
3.70000000e+00   1.83843847e-01   1.82954176e-01
3.75000000e+00   1.77625595e-01   1.76383171e-01
3.80000000e+00   1.71602102e-01   1.70017940e-01
3.85000000e+00   1.65707539e-01   1.63854042e-01
3.90000000e+00   1.59889876e-01   1.57886978e-01
3.95000000e+00   1.54118235e-01   1.52112210e-01
4.00000000e+00   1.48386460e-01   1.46525175e-01
4.05000000e+00   1.42712503e-01   1.41121296e-01
4.10000000e+00   1.37133927e-01   1.35895998e-01
4.15000000e+00   1.31700431e-01   1.30844714e-01
4.20000000e+00   1.26464749e-01   1.25962900e-01
4.25000000e+00   1.21473439e-01   1.21246041e-01
4.30000000e+00   1.16759044e-01   1.16689658e-01
4.35000000e+00   1.12334784e-01   1.12289318e-01
4.40000000e+00   1.08192500e-01   1.08040638e-01
4.45000000e+00   1.04304011e-01   1.03939291e-01
4.50000000e+00   1.00625500e-01   9.99810124e-02
4.55000000e+00   9.71041343e-02   9.61616018e-02
4.60000000e+00   9.36857758e-02   9.24769292e-02
4.65000000e+00   9.03225761e-02   8.89229367e-02
4.70000000e+00   8.69793157e-02   8.54956420e-02
4.75000000e+00   8.36376030e-02   8.21911403e-02
4.80000000e+00   8.02974168e-02   7.90056061e-02
4.85000000e+00   7.69759000e-02   7.59352953e-02
4.90000000e+00   7.37037179e-02   7.29765459e-02
4.95000000e+00   7.05196333e-02   7.01257790e-02
5.00000000e+00   6.74641694e-02   6.73794994e-02
5.05000000e+00   6.45733115e-02   6.47342960e-02
5.10000000e+00   6.18731375e-02   6.21868421e-02
5.15000000e+00   5.93760813e-02   5.97338947e-02
5.20000000e+00   5.70792640e-02   5.73722950e-02
5.25000000e+00   5.49650136e-02   5.50989672e-02
5.30000000e+00   5.30033846e-02   5.29109185e-02
5.35000000e+00   5.11562288e-02   5.08052378e-02
5.40000000e+00   4.93821858e-02   4.87790955e-02
5.45000000e+00   4.76418779e-02   4.68297416e-02
5.50000000e+00   4.59026149e-02   4.49545054e-02
5.55000000e+00   4.41420194e-02   4.31507942e-02
5.60000000e+00   4.23501666e-02   4.14160917e-02
5.65000000e+00   4.05300487e-02   3.97479569e-02
5.70000000e+00   3.86964008e-02   3.81440228e-02
5.75000000e+00   3.68731319e-02   3.66019951e-02
5.80000000e+00   3.50897610e-02   3.51196504e-02
5.85000000e+00   3.33773554e-02   3.36948348e-02
5.90000000e+00   3.17644940e-02   3.23254630e-02
5.95000000e+00   3.02737384e-02   3.10095157e-02
6.00000000e+00   2.89190000e-02   2.97450391e-02
6.05000000e+00   2.77040549e-02   2.85301427e-02
6.10000000e+00   2.66223068e-02   2.73629981e-02
6.15000000e+00   2.56577444e-02   2.62418372e-02
6.20000000e+00   2.47869073e-02   2.51649509e-02
6.25000000e+00   2.39815745e-02   2.41306872e-02
6.30000000e+00   2.32118293e-02   2.31374503e-02
6.35000000e+00   2.24491419e-02   2.21836983e-02
6.40000000e+00   2.16691368e-02   2.12679424e-02
6.45000000e+00   2.08537720e-02   2.03887449e-02
6.50000000e+00   1.99927457e-02   1.95447180e-02
6.55000000e+00   1.90840385e-02   1.87345225e-02
6.60000000e+00   1.81336001e-02   1.79568659e-02
6.65000000e+00   1.71542754e-02   1.72105015e-02
6.70000000e+00   1.61641326e-02   1.64942267e-02
6.75000000e+00   1.51844022e-02   1.58068818e-02
6.80000000e+00   1.42372552e-02   1.51473486e-02
6.85000000e+00   1.33436420e-02   1.45145493e-02
6.90000000e+00   1.25213881e-02   1.39074450e-02
6.95000000e+00   1.17836990e-02   1.33250344e-02
7.00000000e+00   1.11381757e-02   1.27663531e-02
7.05000000e+00   1.05863814e-02   1.22304716e-02
7.10000000e+00   1.01239517e-02   1.17164950e-02
7.15000000e+00   9.74118834e-03   1.12235613e-02
7.20000000e+00   9.42404368e-03   1.07508403e-02
7.25000000e+00   9.15537786e-03   1.02975331e-02
7.30000000e+00   8.91636104e-03   9.86287042e-03
7.35000000e+00   8.68789482e-03   9.44611182e-03
7.40000000e+00   8.45193997e-03   9.04654481e-03
7.45000000e+00   8.19265782e-03   8.66348380e-03
7.50000000e+00   7.89729862e-03   8.29626917e-03
7.55000000e+00   7.55679800e-03   7.94426638e-03
7.60000000e+00   7.16606978e-03   7.60686511e-03
7.65000000e+00   6.72400785e-03   7.28347835e-03
7.70000000e+00   6.23323018e-03   6.97354166e-03
7.75000000e+00   5.69961227e-03   6.67651229e-03
7.80000000e+00   5.13166663e-03   6.39186846e-03
7.85000000e+00   4.53982808e-03   6.11910857e-03
7.90000000e+00   3.93570287e-03   5.85775049e-03
7.95000000e+00   3.33133425e-03   5.60733086e-03
8.00000000e+00   2.73852821e-03   5.36740439e-03
8.05000000e+00   2.16827284e-03   5.13754319e-03
8.10000000e+00   1.63027357e-03   4.91733618e-03
8.15000000e+00   1.13261570e-03   4.70638841e-03
8.20000000e+00   6.81555656e-04   4.50432051e-03
8.25000000e+00   2.81434265e-04   4.31076808e-03
8.30000000e+00   -6.53014750e-05   4.12538113e-03
8.35000000e+00   -3.57985691e-04   3.94782358e-03
8.40000000e+00   -5.97550409e-04   3.77777269e-03
8.45000000e+00   -7.86292823e-04   3.61491860e-03
8.50000000e+00   -9.27613385e-04   3.45896378e-03
8.55000000e+00   -1.02574319e-03   3.30962265e-03
8.60000000e+00   -1.08547639e-03   3.16662103e-03
8.65000000e+00   -1.11192037e-03   3.02969579e-03
8.70000000e+00   -1.11027291e-03   2.89859438e-03
8.75000000e+00   -1.08563251e-03   2.77307440e-03
8.80000000e+00   -1.04284500e-03   2.65290328e-03
8.85000000e+00   -9.86387091e-04   2.53785784e-03
8.90000000e+00   -9.20285342e-04   2.42772395e-03
8.95000000e+00   -8.48067571e-04   2.32229618e-03
9.00000000e+00   -7.72742628e-04   2.22137744e-03
9.05000000e+00   -6.96803844e-04   2.12477869e-03
9.10000000e+00   -6.22251251e-04   2.03231860e-03
9.15000000e+00   -5.50627781e-04   1.94382324e-03
9.20000000e+00   -4.83064972e-04   1.85912580e-03
9.25000000e+00   -4.20334240e-04   1.77806634e-03
9.30000000e+00   -3.62900339e-04   1.70049145e-03
9.35000000e+00   -3.10974323e-04   1.62625405e-03
9.40000000e+00   -2.64563910e-04   1.55521311e-03
9.45000000e+00   -2.23519779e-04   1.48723343e-03
9.50000000e+00   -1.87576857e-04   1.42218539e-03
9.55000000e+00   -1.56390074e-04   1.35994472e-03
9.60000000e+00   -1.29564478e-04   1.30039231e-03
9.65000000e+00   -1.06679862e-04   1.24341399e-03
9.70000000e+00   -8.73102515e-05   1.18890032e-03
9.75000000e+00   -7.10387591e-05   1.13674644e-03
9.80000000e+00   -5.74683896e-05   1.08685182e-03
9.85000000e+00   -4.62293884e-05   1.03912016e-03
9.90000000e+00   -3.69837434e-05   9.93459138e-04
9.95000000e+00   -2.94274044e-05   9.49780330e-04
1.00000000e+01   -2.32907336e-05   9.07998991e-04
