0.00000000e+00   0.00000000e+00   0.00000000e+00
5.00000000e-02   2.56041432e-02   9.51229839e-02
1.00000000e-01   5.11654998e-02   1.80967563e-01
1.50000000e-01   7.66413868e-02   2.58212506e-01
2.00000000e-01   1.01989329e-01   3.27492444e-01
2.50000000e-01   1.27167160e-01   3.89400561e-01
3.00000000e-01   1.52133128e-01   4.44491126e-01
3.50000000e-01   1.76845993e-01   4.93281878e-01
4.00000000e-01   2.01265126e-01   5.36256271e-01
4.50000000e-01   2.25350610e-01   5.73865587e-01
5.00000000e-01   2.49063333e-01   6.06530924e-01
5.50000000e-01   2.72365079e-01   6.34645068e-01
6.00000000e-01   2.95218625e-01   6.58574251e-01
6.50000000e-01   3.17587822e-01   6.78659806e-01
7.00000000e-01   3.39437683e-01   6.95219728e-01
7.50000000e-01   3.60734463e-01   7.08550138e-01
8.00000000e-01   3.81445738e-01   7.18926656e-01
8.50000000e-01   4.01540478e-01   7.26605701e-01
9.00000000e-01   4.20989115e-01   7.31825707e-01
9.50000000e-01   4.39763613e-01   7.34808265e-01
1.00000000e+00   4.57837524e-01   7.35759203e-01
1.05000000e+00   4.75186049e-01   7.34869594e-01
1.10000000e+00   4.91786089e-01   7.32316703e-01
1.15000000e+00   5.07616289e-01   7.28264887e-01
1.20000000e+00   5.22657087e-01   7.22866424e-01
1.25000000e+00   5.36890743e-01   7.16262304e-01
1.30000000e+00   5.50301377e-01   7.08582971e-01
1.35000000e+00   5.62874994e-01   6.99949009e-01
1.40000000e+00   5.74599505e-01   6.90471800e-01
1.45000000e+00   5.85464745e-01   6.80254132e-01
1.50000000e+00   5.95462482e-01   6.69390772e-01
1.55000000e+00   6.04586424e-01   6.57969006e-01
1.60000000e+00   6.12832218e-01   6.46069139e-01
1.65000000e+00   6.20197446e-01   6.33764975e-01
1.70000000e+00   6.26681614e-01   6.21124253e-01
1.75000000e+00   6.32286139e-01   6.08209067e-01
1.80000000e+00   6.37014324e-01   5.95076257e-01
1.85000000e+00   6.40871338e-01   5.81777769e-01
1.90000000e+00   6.43864178e-01   5.68361001e-01
1.95000000e+00   6.46001642e-01   5.54869121e-01
2.00000000e+00   6.47294283e-01   5.41341369e-01
2.05000000e+00   6.47754367e-01   5.27813335e-01
2.10000000e+00   6.47395824e-01   5.14317223e-01
2.15000000e+00   6.46234196e-01   5.00882097e-01
2.20000000e+00   6.44286575e-01   4.87534109e-01
2.25000000e+00   6.41571550e-01   4.74296717e-01
2.30000000e+00   6.38109135e-01   4.61190882e-01
2.35000000e+00   6.33920707e-01   4.48235258e-01
2.40000000e+00   6.29028932e-01   4.35446366e-01
2.45000000e+00   6.23457693e-01   4.22838758e-01
2.50000000e+00   6.17232010e-01   4.10425172e-01
2.55000000e+00   6.10377965e-01   3.98216670e-01
2.60000000e+00   6.02922622e-01   3.86222775e-01
2.65000000e+00   5.94893937e-01   3.74451593e-01
2.70000000e+00   5.86320683e-01   3.62909927e-01
2.75000000e+00   5.77232356e-01   3.51603390e-01
2.80000000e+00   5.67659092e-01   3.40536499e-01
2.85000000e+00   5.57631579e-01   3.29712773e-01
2.90000000e+00   5.47180969e-01   3.19134815e-01
2.95000000e+00   5.36338788e-01   3.08804400e-01
3.00000000e+00   5.25136847e-01   2.98722540e-01
3.05000000e+00   5.13607155e-01   2.88889565e-01
3.10000000e+00   5.01781832e-01   2.79305177e-01
3.15000000e+00   4.89693020e-01   2.69968517e-01
3.20000000e+00   4.77372799e-01   2.60878219e-01
3.25000000e+00   4.64853099e-01   2.52032461e-01
3.30000000e+00   4.52165621e-01   2.43429011e-01
3.35000000e+00   4.39341753e-01   2.35065275e-01
3.40000000e+00   4.26412493e-01   2.26938335e-01
3.45000000e+00   4.13408368e-01   2.19044987e-01
3.50000000e+00   4.00359364e-01   2.11381776e-01
3.55000000e+00   3.87294850e-01   2.03945030e-01
3.60000000e+00   3.74243511e-01   1.96730887e-01
3.65000000e+00   3.61233282e-01   1.89735323e-01
3.70000000e+00   3.48291285e-01   1.82954176e-01
3.75000000e+00   3.35443766e-01   1.76383171e-01
3.80000000e+00   3.22716045e-01   1.70017940e-01
3.85000000e+00   3.10132457e-01   1.63854042e-01
3.90000000e+00   2.97716310e-01   1.57886978e-01
3.95000000e+00   2.85489832e-01   1.52112210e-01
4.00000000e+00   2.73474136e-01   1.46525175e-01
4.05000000e+00   2.61689183e-01   1.41121296e-01
4.10000000e+00   2.50153744e-01   1.35895998e-01
4.15000000e+00   2.38885375e-01   1.30844714e-01
4.20000000e+00   2.27900394e-01   1.25962900e-01
4.25000000e+00   2.17213854e-01   1.21246041e-01
4.30000000e+00   2.06839534e-01   1.16689658e-01
4.35000000e+00   1.96789922e-01   1.12289318e-01
4.40000000e+00   1.87076207e-01   1.08040638e-01
4.45000000e+00   1.77708278e-01   1.03939291e-01
4.50000000e+00   1.68694723e-01   9.99810124e-02
4.55000000e+00   1.60042831e-01   9.61616018e-02
4.60000000e+00   1.51758604e-01   9.24769292e-02
4.65000000e+00   1.43846764e-01   8.89229367e-02
4.70000000e+00   1.36310774e-01   8.54956420e-02
4.75000000e+00   1.29152854e-01   8.21911403e-02
4.80000000e+00   1.22374004e-01   7.90056061e-02
4.85000000e+00   1.15974034e-01   7.59352953e-02
4.90000000e+00   1.09951587e-01   7.29765459e-02
4.95000000e+00   1.04304178e-01   7.01257790e-02
5.00000000e+00   9.90282285e-02   6.73794994e-02
5.05000000e+00   9.41191012e-02   6.47342960e-02
5.10000000e+00   8.95711455e-02   6.21868421e-02
5.15000000e+00   8.53777394e-02   5.97338947e-02
5.20000000e+00   8.15313356e-02   5.73722950e-02
5.25000000e+00   7.80235095e-02   5.50989672e-02
5.30000000e+00   7.48450095e-02   5.29109185e-02
5.35000000e+00   7.19858082e-02   5.08052378e-02
5.40000000e+00   6.94351559e-02   4.87790955e-02
5.45000000e+00   6.71816348e-02   4.68297416e-02
5.50000000e+00   6.52132151e-02   4.49545054e-02
5.55000000e+00   6.35173109e-02   4.31507942e-02
5.60000000e+00   6.20808375e-02   4.14160917e-02
5.65000000e+00   6.08902694e-02   3.97479569e-02
5.70000000e+00   5.99316981e-02   3.81440228e-02
5.75000000e+00   5.91908901e-02   3.66019951e-02
5.80000000e+00   5.86533448e-02   3.51196504e-02
5.85000000e+00   5.83043523e-02   3.36948348e-02
5.90000000e+00   5.81290507e-02   3.23254630e-02
5.95000000e+00   5.81124823e-02   3.10095157e-02
6.00000000e+00   5.82396494e-02   2.97450391e-02
6.05000000e+00   5.84955688e-02   2.85301427e-02
6.10000000e+00   5.88653253e-02   2.73629981e-02
6.15000000e+00   5.93341240e-02   2.62418372e-02
6.20000000e+00   5.98873403e-02   2.51649509e-02
6.25000000e+00   6.05105690e-02   2.41306872e-02
6.30000000e+00   6.11896716e-02   2.31374503e-02
6.35000000e+00   6.19108211e-02   2.21836983e-02
6.40000000e+00   6.26605451e-02   2.12679424e-02
6.45000000e+00   6.34257669e-02   2.03887449e-02
6.50000000e+00   6.41938439e-02   1.95447180e-02
6.55000000e+00   6.49526040e-02   1.87345225e-02
6.60000000e+00   6.56903794e-02   1.79568659e-02
6.65000000e+00   6.63960376e-02   1.72105015e-02
6.70000000e+00   6.70590104e-02   1.64942267e-02
6.75000000e+00   6.76693198e-02   1.58068818e-02
6.80000000e+00   6.82176014e-02   1.51473486e-02
6.85000000e+00   6.86951249e-02   1.45145493e-02
6.90000000e+00   6.90938119e-02   1.39074450e-02
6.95000000e+00   6.94062512e-02   1.33250344e-02
7.00000000e+00   6.96257110e-02   1.27663531e-02
7.05000000e+00   6.97461485e-02   1.22304716e-02
7.10000000e+00   6.97622168e-02   1.17164950e-02
7.15000000e+00   6.96692688e-02   1.12235613e-02
7.20000000e+00   6.94633587e-02   1.07508403e-02
7.25000000e+00   6.91412410e-02   1.02975331e-02
7.30000000e+00   6.87003664e-02   9.86287042e-03
7.35000000e+00   6.81388755e-02   9.44611182e-03
7.40000000e+00   6.74555900e-02   9.04654481e-03
7.45000000e+00   6.66500017e-02   8.66348380e-03
7.50000000e+00   6.57222588e-02   8.29626917e-03
7.55000000e+00   6.46731504e-02   7.94426638e-03
7.60000000e+00   6.35040882e-02   7.60686511e-03
7.65000000e+00   6.22170876e-02   7.28347835e-03
7.70000000e+00   6.08147450e-02   6.97354166e-03
7.75000000e+00   5.93002149e-02   6.67651229e-03
7.80000000e+00   5.76771846e-02   6.39186846e-03
7.85000000e+00   5.59498474e-02   6.11910857e-03
7.90000000e+00   5.41228747e-02   5.85775049e-03
7.95000000e+00   5.22013860e-02   5.60733086e-03
8.00000000e+00   5.01909192e-02   5.36740439e-03
8.05000000e+00   4.80973983e-02   5.13754319e-03
8.10000000e+00   4.59271011e-02   4.91733618e-03
8.15000000e+00   4.36866261e-02   4.70638841e-03
8.20000000e+00   4.13828584e-02   4.50432051e-03
8.25000000e+00   3.90229357e-02   4.31076808e-03
8.30000000e+00   3.66142133e-02   4.12538113e-03
8.35000000e+00   3.41642292e-02   3.94782358e-03
8.40000000e+00   3.16806694e-02   3.77777269e-03
8.45000000e+00   2.91713330e-02   3.61491860e-03
8.50000000e+00   2.66440970e-02   3.45896378e-03
8.55000000e+00   2.41068827e-02   3.30962265e-03
8.60000000e+00   2.15676208e-02   3.16662103e-03
8.65000000e+00   1.90342190e-02   3.02969579e-03
8.70000000e+00   1.65145282e-02   2.89859438e-03
8.75000000e+00   1.40163116e-02   2.77307440e-03
8.80000000e+00   1.15472128e-02   2.65290328e-03
8.85000000e+00   9.11472636e-03   2.53785784e-03
8.90000000e+00   6.72616839e-03   2.42772395e-03
8.95000000e+00   4.38864899e-03   2.32229618e-03
9.00000000e+00   2.10904568e-03   2.22137744e-03
9.05000000e+00   -1.06021834e-04   2.12477869e-03
9.10000000e+00   -2.25021535e-03   2.03231860e-03
9.15000000e+00   -4.31750051e-03   1.94382324e-03
9.20000000e+00   -6.30216753e-03   1.85912580e-03
9.25000000e+00   -8.19885033e-03   1.77806634e-03
9.30000000e+00   -1.00025440e-02   1.70049145e-03
9.35000000e+00   -1.17086209e-02   1.62625405e-03
9.40000000e+00   -1.33128442e-02   1.55521311e-03
9.45000000e+00   -1.48113808e-02   1.48723343e-03
9.50000000e+00   -1.62008118e-02   1.42218539e-03
9.55000000e+00   -1.74781413e-02   1.35994472e-03
9.60000000e+00   -1.86408034e-02   1.30039231e-03
9.65000000e+00   -1.96866677e-02   1.24341399e-03
9.70000000e+00   -2.06140425e-02   1.18890032e-03
9.75000000e+00   -2.14216771e-02   1.13674644e-03
9.80000000e+00   -2.21087616e-02   1.08685182e-03
9.85000000e+00   -2.26749249e-02   1.03912016e-03
9.90000000e+00   -2.31202322e-02   9.93459138e-04
9.95000000e+00   -2.34451794e-02   9.49780330e-04
1.00000000e+01   -2.36506866e-02   9.07998991e-04
