0.00000000e+00   0.00000000e+00   0.00000000e+00
5.00000000e-02   1.72260166e-02   9.51229839e-02
1.00000000e-01   3.44356690e-02   1.80967563e-01
1.50000000e-01   5.16126152e-02   2.58212506e-01
2.00000000e-01   6.87405564e-02   3.27492444e-01
2.50000000e-01   8.58032595e-02   3.89400561e-01
3.00000000e-01   1.02784579e-01   4.44491126e-01
3.50000000e-01   1.19668476e-01   4.93281878e-01
4.00000000e-01   1.36439044e-01   5.36256271e-01
4.50000000e-01   1.53080527e-01   5.73865587e-01
5.00000000e-01   1.69577340e-01   6.06530924e-01
5.50000000e-01   1.85914090e-01   6.34645068e-01
6.00000000e-01   2.02075598e-01   6.58574251e-01
6.50000000e-01   2.18046918e-01   6.78659806e-01
7.00000000e-01   2.33813357e-01   6.95219728e-01
7.50000000e-01   2.49360490e-01   7.08550138e-01
8.00000000e-01   2.64674186e-01   7.18926656e-01
8.50000000e-01   2.79740622e-01   7.26605701e-01
9.00000000e-01   2.94546299e-01   7.31825707e-01
9.50000000e-01   3.09078064e-01   7.34808265e-01
1.00000000e+00   3.23323124e-01   7.35759203e-01
1.05000000e+00   3.37269061e-01   7.34869594e-01
1.10000000e+00   3.50903852e-01   7.32316703e-01
1.15000000e+00   3.64215877e-01   7.28264887e-01
1.20000000e+00   3.77193940e-01   7.22866424e-01
1.25000000e+00   3.89827280e-01   7.16262304e-01
1.30000000e+00   4.02105582e-01   7.08582971e-01
1.35000000e+00   4.14018993e-01   6.99949009e-01
1.40000000e+00   4.25558131e-01   6.90471800e-01
1.45000000e+00   4.36714095e-01   6.80254132e-01
1.50000000e+00   4.47478478e-01   6.69390772e-01
1.55000000e+00   4.57843375e-01   6.57969006e-01
1.60000000e+00   4.67801389e-01   6.46069139e-01
1.65000000e+00   4.77345642e-01   6.33764975e-01
1.70000000e+00   4.86469781e-01   6.21124253e-01
1.75000000e+00   4.95167985e-01   6.08209067e-01
1.80000000e+00   5.03434965e-01   5.95076257e-01
1.85000000e+00   5.11265977e-01   5.81777769e-01
1.90000000e+00   5.18656817e-01   5.68361001e-01
1.95000000e+00   5.25603832e-01   5.54869121e-01
2.00000000e+00   5.32103914e-01   5.41341369e-01
2.05000000e+00   5.38154508e-01   5.27813335e-01
2.10000000e+00   5.43753608e-01   5.14317223e-01
2.15000000e+00   5.48899756e-01   5.00882097e-01
2.20000000e+00   5.53592047e-01   4.87534109e-01
2.25000000e+00   5.57830117e-01   4.74296717e-01
2.30000000e+00   5.61614149e-01   4.61190882e-01
2.35000000e+00   5.64944865e-01   4.48235258e-01
2.40000000e+00   5.67823520e-01   4.35446366e-01
2.45000000e+00   5.70251901e-01   4.22838758e-01
2.50000000e+00   5.72232319e-01   4.10425172e-01
2.55000000e+00   5.73767601e-01   3.98216670e-01
2.60000000e+00   5.74861081e-01   3.86222775e-01
2.65000000e+00   5.75516599e-01   3.74451593e-01
2.70000000e+00   5.75738484e-01   3.62909927e-01
2.75000000e+00   5.75531547e-01   3.51603390e-01
2.80000000e+00   5.74901074e-01   3.40536499e-01
2.85000000e+00   5.73852810e-01   3.29712773e-01
2.90000000e+00   5.72392950e-01   3.19134815e-01
2.95000000e+00   5.70528127e-01   3.08804400e-01
3.00000000e+00   5.68265399e-01   2.98722540e-01
3.05000000e+00   5.65612236e-01   2.88889565e-01
3.10000000e+00   5.62576505e-01   2.79305177e-01
3.15000000e+00   5.59166456e-01   2.69968517e-01
3.20000000e+00   5.55390710e-01   2.60878219e-01
3.25000000e+00   5.51258240e-01   2.52032461e-01
3.30000000e+00   5.46778356e-01   2.43429011e-01
3.35000000e+00   5.41960691e-01   2.35065275e-01
3.40000000e+00   5.36815186e-01   2.26938335e-01
3.45000000e+00   5.31352066e-01   2.19044987e-01
3.50000000e+00   5.25581833e-01   2.11381776e-01
3.55000000e+00   5.19515240e-01   2.03945030e-01
3.60000000e+00   5.13163278e-01   1.96730887e-01
3.65000000e+00   5.06537160e-01   1.89735323e-01
3.70000000e+00   4.99648297e-01   1.82954176e-01
3.75000000e+00   4.92508287e-01   1.76383171e-01
3.80000000e+00   4.85128891e-01   1.70017940e-01
3.85000000e+00   4.77522018e-01   1.63854042e-01
3.90000000e+00   4.69699708e-01   1.57886978e-01
3.95000000e+00   4.61674108e-01   1.52112210e-01
4.00000000e+00   4.53457460e-01   1.46525175e-01
4.05000000e+00   4.45062081e-01   1.41121296e-01
4.10000000e+00   4.36500341e-01   1.35895998e-01
4.15000000e+00   4.27784650e-01   1.30844714e-01
4.20000000e+00   4.18927437e-01   1.25962900e-01
4.25000000e+00   4.09941135e-01   1.21246041e-01
4.30000000e+00   4.00838159e-01   1.16689658e-01
4.35000000e+00   3.91630891e-01   1.12289318e-01
4.40000000e+00   3.82331666e-01   1.08040638e-01
4.45000000e+00   3.72952749e-01   1.03939291e-01
4.50000000e+00   3.63506321e-01   9.99810124e-02
4.55000000e+00   3.54004464e-01   9.61616018e-02
4.60000000e+00   3.44459144e-01   9.24769292e-02
4.65000000e+00   3.34882196e-01   8.89229367e-02
4.70000000e+00   3.25285305e-01   8.54956420e-02
4.75000000e+00   3.15679996e-01   8.21911403e-02
4.80000000e+00   3.06077619e-01   7.90056061e-02
4.85000000e+00   2.96489330e-01   7.59352953e-02
4.90000000e+00   2.86926083e-01   7.29765459e-02
4.95000000e+00   2.77398616e-01   7.01257790e-02
5.00000000e+00   2.67917436e-01   6.73794994e-02
5.05000000e+00   2.58492807e-01   6.47342960e-02
5.10000000e+00   2.49134742e-01   6.21868421e-02
5.15000000e+00   2.39852989e-01   5.97338947e-02
5.20000000e+00   2.30657020e-01   5.73722950e-02
5.25000000e+00   2.21556023e-01   5.50989672e-02
5.30000000e+00   2.12558892e-01   5.29109185e-02
5.35000000e+00   2.03674219e-01   5.08052378e-02
5.40000000e+00   1.94910282e-01   4.87790955e-02
5.45000000e+00   1.86275044e-01   4.68297416e-02
5.50000000e+00   1.77776139e-01   4.49545054e-02
5.55000000e+00   1.69420872e-01   4.31507942e-02
5.60000000e+00   1.61216207e-01   4.14160917e-02
5.65000000e+00   1.53168768e-01   3.97479569e-02
5.70000000e+00   1.45284830e-01   3.81440228e-02
5.75000000e+00   1.37570316e-01   3.66019951e-02
5.80000000e+00   1.30030794e-01   3.51196504e-02
5.85000000e+00   1.22671477e-01   3.36948348e-02
5.90000000e+00   1.15497215e-01   3.23254630e-02
5.95000000e+00   1.08512497e-01   3.10095157e-02
6.00000000e+00   1.01721453e-01   2.97450391e-02
6.05000000e+00   9.51278475e-02   2.85301427e-02
6.10000000e+00   8.87350829e-02   2.73629981e-02
6.15000000e+00   8.25462010e-02   2.62418372e-02
6.20000000e+00   7.65638831e-02   2.51649509e-02
6.25000000e+00   7.07904524e-02   2.41306872e-02
6.30000000e+00   6.52278763e-02   2.31374503e-02
6.35000000e+00   5.98777695e-02   2.21836983e-02
6.40000000e+00   5.47413977e-02   2.12679424e-02
6.45000000e+00   4.98196813e-02   2.03887449e-02
6.50000000e+00   4.51132001e-02   1.95447180e-02
6.55000000e+00   4.06221986e-02   1.87345225e-02
6.60000000e+00   3.63465908e-02   1.79568659e-02
6.65000000e+00   3.22859671e-02   1.72105015e-02
6.70000000e+00   2.84395996e-02   1.64942267e-02
6.75000000e+00   2.48064497e-02   1.58068818e-02
6.80000000e+00   2.13851749e-02   1.51473486e-02
6.85000000e+00   1.81741366e-02   1.45145493e-02
6.90000000e+00   1.51714076e-02   1.39074450e-02
6.95000000e+00   1.23747809e-02   1.33250344e-02
7.00000000e+00   9.78177797e-03   1.27663531e-02
7.05000000e+00   7.38965762e-03   1.22304716e-02
7.10000000e+00   5.19542541e-03   1.17164950e-02
7.15000000e+00   3.19584295e-03   1.12235613e-02
7.20000000e+00   1.38743764e-03   1.07508403e-02
7.25000000e+00   -2.33487427e-04   1.02975331e-02
7.30000000e+00   -1.67084330e-03   9.86287042e-03
7.35000000e+00   -2.92874487e-03   9.44611182e-03
7.40000000e+00   -4.01150041e-03   9.04654481e-03
7.45000000e+00   -4.92360090e-03   8.66348380e-03
7.50000000e+00   -5.66970935e-03   8.29626917e-03
7.55000000e+00   -6.25464986e-03   7.94426638e-03
7.60000000e+00   -6.68339674e-03   7.60686511e-03
7.65000000e+00   -6.96106351e-03   7.28347835e-03
7.70000000e+00   -7.09289183e-03   6.97354166e-03
7.75000000e+00   -7.08424046e-03   6.67651229e-03
7.80000000e+00   -6.94057414e-03   6.39186846e-03
7.85000000e+00   -6.66745259e-03   6.11910857e-03
7.90000000e+00   -6.27051946e-03   5.85775049e-03
7.95000000e+00   -5.75549134e-03   5.60733086e-03
8.00000000e+00   -5.12814688e-03   5.36740439e-03
8.05000000e+00   -4.39431596e-03   5.13754319e-03
8.10000000e+00   -3.55986899e-03   4.91733618e-03
8.15000000e+00   -2.63070630e-03   4.70638841e-03
8.20000000e+00   -1.61274771e-03   4.50432051e-03
8.25000000e+00   -5.11922217e-04   4.31076808e-03
8.30000000e+00   6.65842144e-04   4.12538113e-03
8.35000000e+00   1.91462823e-03   3.94782358e-03
8.40000000e+00   3.22853957e-03   3.77777269e-03
8.45000000e+00   4.60170986e-03   3.61491860e-03
8.50000000e+00   6.02831232e-03   3.45896378e-03
8.55000000e+00   7.50256876e-03   3.30962265e-03
8.60000000e+00   9.01875842e-03   3.16662103e-03
8.65000000e+00   1.05712265e-02   3.02969579e-03
8.70000000e+00   1.21543926e-02   2.89859438e-03
8.75000000e+00   1.37627586e-02   2.77307440e-03
8.80000000e+00   1.53909163e-02   2.65290328e-03
8.85000000e+00   1.70335553e-02   2.53785784e-03
8.90000000e+00   1.86854695e-02   2.42772395e-03
8.95000000e+00   2.03415646e-02   2.32229618e-03
9.00000000e+00   2.19968641e-02   2.22137744e-03
9.05000000e+00   2.36465157e-02   2.12477869e-03
9.10000000e+00   2.52857971e-02   2.03231860e-03
9.15000000e+00   2.69101215e-02   1.94382324e-03
9.20000000e+00   2.85150430e-02   1.85912580e-03
9.25000000e+00   3.00962611e-02   1.77806634e-03
9.30000000e+00   3.16496255e-02   1.70049145e-03
9.35000000e+00   3.31711401e-02   1.62625405e-03
9.40000000e+00   3.46569669e-02   1.55521311e-03
9.45000000e+00   3.61034293e-02   1.48723343e-03
9.50000000e+00   3.75070155e-02   1.42218539e-03
9.55000000e+00   3.88643813e-02   1.35994472e-03
9.60000000e+00   4.01723520e-02   1.30039231e-03
9.65000000e+00   4.14279253e-02   1.24341399e-03
9.70000000e+00   4.26282725e-02   1.18890032e-03
9.75000000e+00   4.37707399e-02   1.13674644e-03
9.80000000e+00   4.48528506e-02   1.08685182e-03
9.85000000e+00   4.58723042e-02   1.03912016e-03
9.90000000e+00   4.68269782e-02   9.93459138e-04
9.95000000e+00   4.77149277e-02   9.49780330e-04
1.00000000e+01   4.85343851e-02   9.07998991e-04
