0.00000000e+00   -0.00000000e+00   0.00000000e+00
5.00000000e-02   4.03709520e-02   4.75951587e-02
1.00000000e-01   8.00661588e-02   9.05478308e-02
1.50000000e-01   1.18439911e-01   1.29197641e-01
2.00000000e-01   1.54904639e-01   1.63862131e-01
2.50000000e-01   1.88955303e-01   1.94838101e-01
3.00000000e-01   2.20188562e-01   2.22402881e-01
3.50000000e-01   2.48315618e-01   2.46815525e-01
4.00000000e-01   2.73168079e-01   2.68317932e-01
4.50000000e-01   2.94696731e-01   2.87135901e-01
5.00000000e-01   3.12963576e-01   3.03480131e-01
5.50000000e-01   3.28127990e-01   3.17547153e-01
6.00000000e-01   3.40428234e-01   3.29520213e-01
6.50000000e-01   3.50159813e-01   3.39570100e-01
7.00000000e-01   3.57652367e-01   3.47855922e-01
7.50000000e-01   3.63246765e-01   3.54525845e-01
8.00000000e-01   3.67273968e-01   3.59717777e-01
8.50000000e-01   3.70037015e-01   3.63560017e-01
9.00000000e-01   3.71797146e-01   3.66171867e-01
9.50000000e-01   3.72764690e-01   3.67664202e-01
1.00000000e+00   3.73094957e-01   3.68140008e-01
1.05000000e+00   3.72888937e-01   3.67694888e-01
1.10000000e+00   3.72198272e-01   3.66417539e-01
1.15000000e+00   3.71033653e-01   3.64390197e-01
1.20000000e+00   3.69375596e-01   3.61689055e-01
1.25000000e+00   3.67186441e-01   3.58384658e-01
1.30000000e+00   3.64422419e-01   3.54542273e-01
1.35000000e+00   3.61044729e-01   3.50222236e-01
1.40000000e+00   3.57028724e-01   3.45480278e-01
1.45000000e+00   3.52370590e-01   3.40367827e-01
1.50000000e+00   3.47091116e-01   3.34932303e-01
1.55000000e+00   3.41236496e-01   3.29217377e-01
1.60000000e+00   3.34876343e-01   3.23263232e-01
1.65000000e+00   3.28099336e-01   3.17106795e-01
1.70000000e+00   3.21007111e-01   3.10781960e-01
1.75000000e+00   3.13707089e-01   3.04319796e-01
1.80000000e+00   3.06305021e-01   2.97748743e-01
1.85000000e+00   2.98897945e-01   2.91094792e-01
1.90000000e+00   2.91568199e-01   2.84381659e-01
1.95000000e+00   2.84378972e-01   2.77630944e-01
2.00000000e+00   2.77371702e-01   2.70862281e-01
2.05000000e+00   2.70565448e-01   2.64093476e-01
2.10000000e+00   2.63958171e-01   2.57340643e-01
2.15000000e+00   2.57529684e-01   2.50618325e-01
2.20000000e+00   2.51245913e-01   2.43939607e-01
2.25000000e+00   2.45064017e-01   2.37316226e-01
2.30000000e+00   2.38937848e-01   2.30758670e-01
2.35000000e+00   2.32823271e-01   2.24276272e-01
2.40000000e+00   2.26682875e-01   2.17877300e-01
2.45000000e+00   2.20489730e-01   2.11569034e-01
2.50000000e+00   2.14229908e-01   2.05357847e-01
2.55000000e+00   2.07903647e-01   1.99249275e-01
2.60000000e+00   2.01525146e-01   1.93248083e-01
2.65000000e+00   1.95121107e-01   1.87358325e-01
2.70000000e+00   1.88728224e-01   1.81583408e-01
2.75000000e+00   1.82389910e-01   1.75926137e-01
2.80000000e+00   1.76152596e-01   1.70388775e-01
2.85000000e+00   1.70061927e-01   1.64973081e-01
2.90000000e+00   1.64159204e-01   1.59680359e-01
2.95000000e+00   1.58478336e-01   1.54511494e-01
3.00000000e+00   1.53043532e-01   1.49466997e-01
3.05000000e+00   1.47867876e-01   1.44547029e-01
3.10000000e+00   1.42952846e-01   1.39751442e-01
3.15000000e+00   1.38288756e-01   1.35079808e-01
3.20000000e+00   1.33856033e-01   1.30531442e-01
3.25000000e+00   1.29627168e-01   1.26105432e-01
3.30000000e+00   1.25569162e-01   1.21800662e-01
3.35000000e+00   1.21646232e-01   1.17615834e-01
3.40000000e+00   1.17822561e-01   1.13549487e-01
3.45000000e+00   1.14064878e-01   1.09600019e-01
3.50000000e+00   1.10344697e-01   1.05765702e-01
3.55000000e+00   1.06640060e-01   1.02044697e-01
3.60000000e+00   1.02936688e-01   9.84350723e-02
3.65000000e+00   9.92285202e-02   9.49348141e-02
3.70000000e+00   9.55176129e-02   9.15418405e-02
3.75000000e+00   9.18134793e-02   8.82540124e-02
3.80000000e+00   8.81319395e-02   8.50691443e-02
3.85000000e+00   8.44936041e-02   8.19850136e-02
3.90000000e+00   8.09221209e-02   7.89993697e-02
3.95000000e+00   7.74423220e-02   7.61099420e-02
4.00000000e+00   7.40784044e-02   7.33144469e-02
4.05000000e+00   7.08522635e-02   7.06105949e-02
4.10000000e+00   6.77820772e-02   6.79960962e-02
4.15000000e+00   6.48812132e-02   6.54686666e-02
4.20000000e+00   6.21575064e-02   6.30260319e-02
4.25000000e+00   5.96129213e-02   6.06659330e-02
4.30000000e+00   5.72435917e-02   5.83861290e-02
4.35000000e+00   5.50402037e-02   5.61844016e-02
4.40000000e+00   5.29886711e-02   5.40585578e-02
4.45000000e+00   5.10710400e-02   5.20064327e-02
4.50000000e+00   4.92665478e-02   5.00258923e-02
4.55000000e+00   4.75527651e-02   4.81148352e-02
4.60000000e+00   4.59067454e-02   4.62711948e-02
4.65000000e+00   4.43061204e-02   4.44929407e-02
4.70000000e+00   4.27300830e-02   4.27780803e-02
4.75000000e+00   4.11602176e-02   4.11246599e-02
4.80000000e+00   3.95811454e-02   3.95307654e-02
4.85000000e+00   3.79809713e-02   3.79945233e-02
4.90000000e+00   3.63515271e-02   3.65141014e-02
4.95000000e+00   3.46884196e-02   3.50877090e-02
5.00000000e+00   3.29909021e-02   3.37135972e-02
5.05000000e+00   3.12615929e-02   3.23900593e-02
5.10000000e+00   2.95060726e-02   3.11154307e-02
5.15000000e+00   2.77323909e-02   2.98880889e-02
5.20000000e+00   2.59505172e-02   2.87064532e-02
5.25000000e+00   2.41717667e-02   2.75689847e-02
5.30000000e+00   2.24082314e-02   2.64741859e-02
5.35000000e+00   2.06722391e-02   2.54206003e-02
5.40000000e+00   1.89758637e-02   2.44068120e-02
5.45000000e+00   1.73304990e-02   2.34314451e-02
5.50000000e+00   1.57465075e-02   2.24931634e-02
5.55000000e+00   1.42329495e-02   2.15906694e-02
5.60000000e+00   1.27973926e-02   2.07227042e-02
5.65000000e+00   1.14457983e-02   1.98880464e-02
5.70000000e+00   1.01824806e-02   1.90855117e-02
5.75000000e+00   9.01012780e-03   1.83139520e-02
5.80000000e+00   7.92987719e-03   1.75722550e-02
5.85000000e+00   6.94143301e-03   1.68593430e-02
5.90000000e+00   6.04321602e-03   1.61741724e-02
5.95000000e+00   5.23253474e-03   1.55157330e-02
6.00000000e+00   4.50576874e-03   1.48830472e-02
6.05000000e+00   3.85855520e-03   1.42751690e-02
6.10000000e+00   3.28597179e-03   1.36911836e-02
6.15000000e+00   2.78270979e-03   1.31302063e-02
6.20000000e+00   2.34323309e-03   1.25913820e-02
6.25000000e+00   1.96191983e-03   1.20738841e-02
6.30000000e+00   1.63318499e-03   1.15769141e-02
6.35000000e+00   1.35158275e-03   1.10997006e-02
6.40000000e+00   1.11188909e-03   1.06414985e-02
6.45000000e+00   9.09165125e-04   1.02015886e-02
6.50000000e+00   7.38802776e-04   9.77927644e-03
6.55000000e+00   5.96554394e-04   9.37389193e-03
6.60000000e+00   4.78548430e-04   8.98478841e-03
6.65000000e+00   3.81293249e-04   8.61134204e-03
6.70000000e+00   3.01671201e-04   8.25295112e-03
6.75000000e+00   2.36925001e-04   7.90903539e-03
6.80000000e+00   1.84638313e-04   7.57903538e-03
6.85000000e+00   1.42712251e-04   7.26241177e-03
6.90000000e+00   1.09339281e-04   6.95864473e-03
6.95000000e+00   8.29757901e-05   6.66723333e-03
7.00000000e+00   6.23143760e-05   6.38769492e-03
7.05000000e+00   4.62566692e-05   6.11956453e-03
7.10000000e+00   3.38873239e-05   5.86239431e-03
7.15000000e+00   2.44496263e-05   5.61575296e-03
7.20000000e+00   1.73230201e-05   5.37922519e-03
7.25000000e+00   1.20027186e-05   5.15241115e-03
7.30000000e+00   8.08146784e-06   4.93492596e-03
7.35000000e+00   5.23344453e-06   4.72639915e-03
7.40000000e+00   3.20020828e-06   4.52647423e-03
7.45000000e+00   1.77858472e-06   4.33480815e-03
7.50000000e+00   8.10326568e-07   4.15107087e-03
7.55000000e+00   1.73382848e-07   3.97494489e-03
7.60000000e+00   -2.25399607e-07   3.80612484e-03
7.65000000e+00   -4.56317457e-07   3.64431700e-03
7.70000000e+00   -5.71762895e-07   3.48923896e-03
7.75000000e+00   -6.10243577e-07   3.34061915e-03
7.80000000e+00   -5.99614211e-07   3.19819649e-03
7.85000000e+00   -5.59648820e-07   3.06172001e-03
7.90000000e+00   -5.04067611e-07   2.93094847e-03
7.95000000e+00   -4.42117437e-07   2.80565002e-03
8.00000000e+00   -3.79790762e-07   2.68560187e-03
8.05000000e+00   -3.20754957e-07   2.57058992e-03
8.10000000e+00   -2.67051945e-07   2.46040847e-03
8.15000000e+00   -2.19617790e-07   2.35485993e-03
8.20000000e+00   -1.78662678e-07   2.25375446e-03
8.25000000e+00   -1.43943942e-07   2.15690974e-03
8.30000000e+00   -1.14958196e-07   2.06415065e-03
8.35000000e+00   -9.10730939e-08   1.97530904e-03
8.40000000e+00   -7.16147441e-08   1.89022341e-03
8.45000000e+00   -5.59230865e-08   1.80873872e-03
8.50000000e+00   -4.33846024e-08   1.73070612e-03
8.55000000e+00   -3.34493702e-08   1.65598269e-03
8.60000000e+00   -2.56376458e-08   1.58443127e-03
8.65000000e+00   -1.95397232e-08   1.51592019e-03
8.70000000e+00   -1.48117474e-08   1.45032308e-03
8.75000000e+00   -1.11693333e-08   1.38751867e-03
8.80000000e+00   -8.38024240e-09   1.32739058e-03
8.85000000e+00   -6.25692683e-09   1.26982714e-03
8.90000000e+00   -4.64943619e-09   1.21472122e-03
8.95000000e+00   -3.43896380e-09   1.16197002e-03
9.00000000e+00   -2.53215962e-09   1.11147493e-03
9.05000000e+00   -1.85624026e-09   1.06314137e-03
9.10000000e+00   -1.35486622e-09   1.01687860e-03
9.15000000e+00   -9.84722242e-10   9.72599593e-04
9.20000000e+00   -7.12720285e-10   9.30220899e-04
9.25000000e+00   -5.13739262e-10   8.89662477e-04
9.30000000e+00   -3.68818332e-10   8.50847576e-04
9.35000000e+00   -2.63726671e-10   8.13702600e-04
9.40000000e+00   -1.87841363e-10   7.78156989e-04
9.45000000e+00   -1.33274219e-10   7.44143090e-04
9.50000000e+00   -9.41975007e-11   7.11596046e-04
9.55000000e+00   -6.63269676e-11   6.80453682e-04
9.60000000e+00   -4.65282153e-11   6.50656399e-04
9.65000000e+00   -3.25188345e-11   6.22147072e-04
9.70000000e+00   -2.26444449e-11   5.94870947e-04
9.75000000e+00   -1.57112736e-11   5.68775546e-04
9.80000000e+00   -1.08617080e-11   5.43810579e-04
9.85000000e+00   -7.48229988e-12   5.19927852e-04
9.90000000e+00   -5.13611650e-12   4.97081182e-04
9.95000000e+00   -3.51325154e-12   4.75226319e-04
1.00000000e+01   -2.39480133e-12   4.54320862e-04
