0.00000000e+00   0.00000000e+00   0.00000000e+00
5.00000000e-02   7.50187224e-02   7.50187224e-02
1.00000000e-01   1.49475858e-01   1.49475858e-01
1.50000000e-01   2.22816821e-01   2.22816821e-01
2.00000000e-01   2.94500905e-01   2.94500905e-01
2.50000000e-01   3.64007920e-01   3.64007920e-01
3.00000000e-01   4.30844477e-01   4.30844477e-01
3.50000000e-01   4.94549805e-01   4.94549805e-01
4.00000000e-01   5.54701015e-01   5.54701015e-01
4.50000000e-01   6.10917724e-01   6.10917724e-01
5.00000000e-01   6.62865966e-01   6.62865966e-01
5.50000000e-01   7.10261340e-01   7.10261340e-01
6.00000000e-01   7.52871351e-01   7.52871351e-01
6.50000000e-01   7.90516929e-01   7.90516929e-01
7.00000000e-01   8.23073121e-01   8.23073121e-01
7.50000000e-01   8.50468961e-01   8.50468961e-01
8.00000000e-01   8.72686545e-01   8.72686545e-01
8.50000000e-01   8.89759373e-01   8.89759373e-01
9.00000000e-01   9.01769976e-01   9.01769976e-01
9.50000000e-01   9.08846937e-01   9.08846937e-01
1.00000000e+00   9.11161344e-01   9.11161344e-01
1.05000000e+00   9.08922791e-01   9.08922791e-01
1.10000000e+00   9.02374992e-01   9.02374992e-01
1.15000000e+00   8.91791116e-01   8.91791116e-01
1.20000000e+00   8.77468928e-01   8.77468928e-01
1.25000000e+00   8.59725833e-01   8.59725833e-01
1.30000000e+00   8.38893912e-01   8.38893912e-01
1.35000000e+00   8.15315032e-01   8.15315032e-01
1.40000000e+00   7.89336110e-01   7.89336110e-01
1.45000000e+00   7.61304603e-01   7.61304603e-01
1.50000000e+00   7.31564284e-01   7.31564284e-01
1.55000000e+00   7.00451354e-01   7.00451354e-01
1.60000000e+00   6.68290940e-01   6.68290940e-01
1.65000000e+00   6.35393998e-01   6.35393998e-01
1.70000000e+00   6.02054660e-01   6.02054660e-01
1.75000000e+00   5.68548019e-01   5.68548019e-01
1.80000000e+00   5.35128365e-01   5.35128365e-01
1.85000000e+00   5.02027866e-01   5.02027866e-01
1.90000000e+00   4.69455670e-01   4.69455670e-01
1.95000000e+00   4.37597422e-01   4.37597422e-01
2.00000000e+00   4.06615153e-01   4.06615153e-01
2.05000000e+00   3.76647517e-01   3.76647517e-01
2.10000000e+00   3.47810341e-01   3.47810341e-01
2.15000000e+00   3.20197448e-01   3.20197448e-01
2.20000000e+00   2.93881713e-01   2.93881713e-01
2.25000000e+00   2.68916307e-01   2.68916307e-01
2.30000000e+00   2.45336101e-01   2.45336101e-01
2.35000000e+00   2.23159177e-01   2.23159177e-01
2.40000000e+00   2.02388421e-01   2.02388421e-01
2.45000000e+00   1.83013151e-01   1.83013151e-01
2.50000000e+00   1.65010766e-01   1.65010766e-01
2.55000000e+00   1.48348368e-01   1.48348368e-01
2.60000000e+00   1.32984347e-01   1.32984347e-01
2.65000000e+00   1.18869901e-01   1.18869901e-01
2.70000000e+00   1.05950474e-01   1.05950474e-01
2.75000000e+00   9.41671034e-02   9.41671034e-02
2.80000000e+00   8.34576573e-02   8.34576573e-02
2.85000000e+00   7.37579645e-02   7.37579645e-02
2.90000000e+00   6.50028246e-02   6.50028246e-02
2.95000000e+00   5.71269028e-02   5.71269028e-02
3.00000000e+00   5.00655064e-02   5.00655064e-02
3.05000000e+00   4.37552488e-02   4.37552488e-02
3.10000000e+00   3.81346035e-02   3.81346035e-02
3.15000000e+00   3.31443558e-02   3.31443558e-02
3.20000000e+00   2.87279581e-02   2.87279581e-02
3.25000000e+00   2.48317974e-02   2.48317974e-02
3.30000000e+00   2.14053835e-02   2.14053835e-02
3.35000000e+00   1.84014660e-02   1.84014660e-02
3.40000000e+00   1.57760887e-02   1.57760887e-02
3.45000000e+00   1.34885910e-02   1.34885910e-02
3.50000000e+00   1.15015632e-02   1.15015632e-02
3.55000000e+00   9.78076392e-03   9.78076392e-03
3.60000000e+00   8.29500755e-03   8.29500755e-03
3.65000000e+00   7.01602737e-03   7.01602737e-03
3.70000000e+00   5.91832108e-03   5.91832108e-03
3.75000000e+00   4.97898387e-03   4.97898387e-03
3.80000000e+00   4.17753373e-03   4.17753373e-03
3.85000000e+00   3.49573319e-03   3.49573319e-03
3.90000000e+00   2.91741089e-03   2.91741089e-03
3.95000000e+00   2.42828578e-03   2.42828578e-03
4.00000000e+00   2.01579639e-03   2.01579639e-03
4.05000000e+00   1.66893695e-03   1.66893695e-03
4.10000000e+00   1.37810169e-03   1.37810169e-03
4.15000000e+00   1.13493834e-03   1.13493834e-03
4.20000000e+00   9.32211567e-04   9.32211567e-04
4.25000000e+00   7.63676485e-04   7.63676485e-04
4.30000000e+00   6.23962512e-04   6.23962512e-04
4.35000000e+00   5.08467405e-04   5.08467405e-04
4.40000000e+00   4.13261187e-04   4.13261187e-04
4.45000000e+00   3.34999609e-04   3.34999609e-04
4.50000000e+00   2.70846615e-04   2.70846615e-04
4.55000000e+00   2.18405298e-04   2.18405298e-04
4.60000000e+00   1.75656709e-04   1.75656709e-04
4.65000000e+00   1.40905927e-04   1.40905927e-04
4.70000000e+00   1.12734757e-04   1.12734757e-04
4.75000000e+00   8.99604280e-05   8.99604280e-05
4.80000000e+00   7.15997215e-05   7.15997215e-05
4.85000000e+00   5.68379350e-05   5.68379350e-05
4.90000000e+00   4.50021593e-05   4.50021593e-05
4.95000000e+00   3.55383659e-05   3.55383659e-05
5.00000000e+00   2.79918439e-05   2.79918439e-05
5.05000000e+00   2.19905653e-05   2.19905653e-05
5.10000000e+00   1.72310986e-05   1.72310986e-05
5.15000000e+00   1.34667271e-05   1.34667271e-05
5.20000000e+00   1.04974660e-05   1.04974660e-05
5.25000000e+00   8.16170704e-06   8.16170704e-06
5.30000000e+00   6.32925216e-06   6.32925216e-06
5.35000000e+00   4.89552650e-06   4.89552650e-06
5.40000000e+00   3.77678916e-06   3.77678916e-06
5.45000000e+00   2.90618399e-06   2.90618399e-06
5.50000000e+00   2.23049461e-06   2.23049461e-06
5.55000000e+00   1.70748785e-06   1.70748785e-06
5.60000000e+00   1.30374627e-06   1.30374627e-06
5.65000000e+00   9.92906094e-07   9.92906094e-07
5.70000000e+00   7.54229517e-07   7.54229517e-07
5.75000000e+00   5.71451949e-07   5.71451949e-07
5.80000000e+00   4.31854387e-07   4.31854387e-07
5.85000000e+00   3.25519448e-07   3.25519448e-07
5.90000000e+00   2.44736690e-07   2.44736690e-07
5.95000000e+00   1.83528830e-07   1.83528830e-07
6.00000000e+00   1.37275522e-07   1.37275522e-07
6.05000000e+00   1.02415577e-07   1.02415577e-07
6.10000000e+00   7.62120295e-08   7.62120295e-08
6.15000000e+00   5.65673876e-08   5.65673876e-08
6.20000000e+00   4.18788044e-08   4.18788044e-08
6.25000000e+00   3.09249101e-08   3.09249101e-08
6.30000000e+00   2.27776588e-08   2.27776588e-08
6.35000000e+00   1.67338792e-08   1.67338792e-08
6.40000000e+00   1.22622880e-08   1.22622880e-08
6.45000000e+00   8.96260281e-09   8.96260281e-09
6.50000000e+00   6.53408762e-09   6.53408762e-09
6.55000000e+00   4.75142986e-09   4.75142986e-09
6.60000000e+00   3.44629657e-09   3.44629657e-09
6.65000000e+00   2.49327573e-09   2.49327573e-09
6.70000000e+00   1.79919271e-09   1.79919271e-09
6.75000000e+00   1.29501600e-09   1.29501600e-09
6.80000000e+00   9.29743217e-10   9.29743217e-10
6.85000000e+00   6.65796772e-10   6.65796772e-10
6.90000000e+00   4.75566743e-10   4.75566743e-10
6.95000000e+00   3.38822877e-10   3.38822877e-10
7.00000000e+00   2.40782967e-10   2.40782967e-10
7.05000000e+00   1.70675389e-10   1.70675389e-10
7.10000000e+00   1.20672542e-10   1.20672542e-10
7.15000000e+00   8.51017996e-11   8.51017996e-11
7.20000000e+00   5.98634929e-11   5.98634929e-11
7.25000000e+00   4.20028425e-11   4.20028425e-11
7.30000000e+00   2.93960459e-11   2.93960459e-11
7.35000000e+00   2.05207412e-11   2.05207412e-11
7.40000000e+00   1.42886544e-11   1.42886544e-11
7.45000000e+00   9.92393839e-12   9.92393839e-12
7.50000000e+00   6.87498076e-12   6.87498076e-12
7.55000000e+00   4.75065920e-12   4.75065920e-12
7.60000000e+00   3.27439812e-12   3.27439812e-12
7.65000000e+00   2.25115062e-12   2.25115062e-12
7.70000000e+00   1.54373708e-12   1.54373708e-12
7.75000000e+00   1.05593715e-12   1.05593715e-12
7.80000000e+00   7.20441946e-13   7.20441946e-13
7.85000000e+00   4.90293718e-13   4.90293718e-13
7.90000000e+00   3.32820686e-13   3.32820686e-13
7.95000000e+00   2.25351867e-13   2.25351867e-13
8.00000000e+00   1.52198052e-13   1.52198052e-13
8.05000000e+00   1.02530795e-13   1.02530795e-13
8.10000000e+00   6.88964853e-14   6.88964853e-14
8.15000000e+00   4.61782557e-14   4.61782557e-14
8.20000000e+00   3.08727914e-14   3.08727914e-14
8.25000000e+00   2.05879161e-14   2.05879161e-14
8.30000000e+00   1.36945319e-14   1.36945319e-14
8.35000000e+00   9.08616242e-15   9.08616242e-15
8.40000000e+00   6.01329475e-15   6.01329475e-15
8.45000000e+00   3.96956908e-15   3.96956908e-15
8.50000000e+00   2.61380566e-15   2.61380566e-15
8.55000000e+00   1.71673183e-15   1.71673183e-15
8.60000000e+00   1.12468535e-15   1.12468535e-15
8.65000000e+00   7.34952377e-16   7.34952377e-16
8.70000000e+00   4.79056914e-16   4.79056914e-16
8.75000000e+00   3.11469084e-16   3.11469084e-16
8.80000000e+00   2.01996042e-16   2.01996042e-16
8.85000000e+00   1.30668534e-16   1.30668534e-16
8.90000000e+00   8.43139777e-17   8.43139777e-17
8.95000000e+00   5.42661105e-17   5.42661105e-17
9.00000000e+00   3.48384256e-17   3.48384256e-17
9.05000000e+00   2.23094675e-17   2.23094675e-17
9.10000000e+00   1.42501979e-17   1.42501979e-17
9.15000000e+00   9.07932874e-18   9.07932874e-18
9.20000000e+00   5.77016033e-18   5.77016033e-18
9.25000000e+00   3.65782948e-18   3.65782948e-18
9.30000000e+00   2.31291997e-18   2.31291997e-18
9.35000000e+00   1.45881247e-18   1.45881247e-18
9.40000000e+00   9.17783341e-19   9.17783341e-19
9.45000000e+00   5.75947438e-19   5.75947438e-19
9.50000000e+00   3.60518568e-19   3.60518568e-19
9.55000000e+00   2.25099565e-19   2.25099565e-19
9.60000000e+00   1.40192259e-19   1.40192259e-19
9.65000000e+00   8.70915250e-20   8.70915250e-20
9.70000000e+00   5.39672590e-20   5.39672590e-20
9.75000000e+00   3.33570434e-20   3.33570434e-20
9.80000000e+00   2.05658935e-20   2.05658935e-20
9.85000000e+00   1.26476714e-20   1.26476714e-20
9.90000000e+00   7.75847985e-21   7.75847985e-21
9.95000000e+00   4.74729135e-21   4.74729135e-21
1.00000000e+01   2.89746656e-21   2.89746656e-21
