# uniform1 uniform2 gaussian1 gaussian2
  0.569921 0.141664 -1.719461 -1.104096
  0.152415 0.711707 -0.171543 -1.875105
  0.613686 0.777771 1.798593 1.531541
  0.346095 0.167381 0.826061 -0.428934
  0.733986 0.489446 0.029817 -2.611880
  0.910042 0.791558 0.677121 0.296054
  0.486609 0.648001 -1.646082 -0.442155
  0.172062 0.936083 0.291735 0.259232
  0.322869 0.708717 -0.645862 1.021534
  0.422079 0.592589 0.152167 0.981868
  0.195183 0.290782 0.051112 0.110777
  0.155659 0.520905 -0.711944 0.498954
  0.653140 0.908557 1.720783 -0.128978
  0.435947 0.702108 -0.350867 -0.504884
  0.638131 0.792588 0.389457 0.559323
  0.124328 0.333245 -0.878055 0.508202
  0.063053 0.152534 -0.758711 -0.624061
  0.684848 0.294822 -0.768819 2.381718
  0.527585 0.938092 -0.381315 0.782745
  0.912700 0.854921 -0.424499 -0.603667
  0.553938 0.021140 -0.301016 -0.874291
  0.651609 0.812435 -0.125815 1.051940
  0.281840 0.850549 -0.187461 0.512270
  0.380211 0.766880 0.862956 -1.203684
  0.211026 0.586161 0.830378 -0.065156
  0.327030 0.887226 0.632429 0.013773
  0.992414 0.106001 -1.267483 -1.816170
  0.079210 0.676126 -0.136978 -2.374564
  0.806612 0.365366 -0.956357 -0.902361
  0.837873 0.838350 -1.150675 0.484867
  0.380668 0.465733 -0.057598 -1.619299
  0.050873 0.418336 -0.499551 0.281694
  0.690104 0.431713 0.482190 -1.001671
  0.684663 0.295352 0.361172 0.815341
  0.808259 0.685036 -0.579781 1.440858
  0.235573 0.293347 -0.397579 -1.596163
  0.249294 0.238546 0.033499 -1.292996
  0.198213 0.365379 0.556867 -0.408573
  0.011993 0.308531 -0.755806 -0.427579
  0.907852 0.436126 1.774078 0.007279
  0.272264 0.902891 -1.101436 -1.122755
  0.057777 0.949053 0.032509 -1.243852
  0.774034 0.846610 -0.563673 2.187841
  0.576661 0.143810 -0.596067 -0.503710
  0.504140 0.386249 0.182284 0.610810
  0.759376 0.542393 1.380803 -0.718035
  0.321753 0.315028 -0.233819 -0.339652
  0.137955 0.132575 2.197884 -0.849919
  0.050103 0.740779 -1.153947 -0.585153
  0.932568 0.710856 2.052097 0.858052
  0.407273 0.859721 -1.472931 -0.750581
  0.148948 0.358438 -0.055615 0.706676
  0.285597 0.691403 0.321697 -1.945938
  0.807592 0.628820 1.306155 0.600070
  0.479146 0.017225 -0.422672 0.874998
  0.210844 0.837335 -2.036621 0.461294
  0.534030 0.190716 0.877336 0.130154
  0.437106 0.311624 0.333356 0.317891
  0.398260 0.924927 -1.608390 -0.379997
  0.443318 0.649094 -0.783407 0.179479
  0.656774 0.263255 -0.819997 -1.152062
  0.250661 0.529743 0.247728 -1.541793
  0.785038 0.159710 1.206051 1.724059
  0.125905 0.727419 1.410454 -1.478727
  0.749597 0.844265 -0.787402 -1.326171
  0.057424 0.572332 1.370896 0.448874
  0.158657 0.421209 0.367656 0.412811
  0.116366 0.420129 0.147006 -1.028819
  0.210289 0.602793 1.511978 -0.068756
  0.111905 0.276304 0.788798 1.857648
  0.418080 0.145628 0.205437 3.085381
  0.694868 0.816520 -0.841050 0.895882
  0.720762 0.936626 0.471213 0.583670
  0.601593 0.178075 -0.087038 -2.074620
  0.603524 0.490334 -1.474856 1.443390
  0.769098 0.221578 -0.193157 0.247115
  0.524525 0.671343 0.591215 -0.223410
  0.573547 0.441414 0.703942 -0.144058
  0.262939 0.255538 -0.306687 1.249236
  0.570177 0.112264 0.493112 -0.525105
  0.779740 0.471527 -0.577246 -1.789646
  0.596242 0.521498 -1.094455 2.320590
  0.158827 0.524655 0.548466 1.647731
  0.810625 0.659013 -0.924463 1.913303
  0.053253 0.417616 -0.070699 -1.624452
  0.753463 0.312423 -2.139454 0.957990
  0.938208 0.728562 -0.758307 -0.174121
  0.277152 0.313942 -0.399465 0.657886
  0.992205 0.755464 0.051052 -0.258573
  0.587948 0.814184 0.271036 -0.681493
  0.026966 0.726040 -0.395885 0.968460
  0.086321 0.817414 -2.056668 0.207323
  0.599967 0.126325 -0.291940 0.028084
  0.503281 0.652532 -0.792298 0.703396
  0.405069 0.518785 -0.420651 -3.353843
  0.217301 0.082833 -1.950429 -0.288248
  0.718422 0.325916 -0.631252 1.036735
  0.262945 0.286927 0.916243 0.318663
  0.454336 0.828948 -0.160713 1.214707
  0.813793 0.920477 0.110983 -0.704591
  0.152836 0.003896 -0.567936 -0.561909
  0.774233 0.439334 1.876965 0.066689
  0.683793 0.088004 0.307863 -0.574348
  0.763611 0.022454 -1.708142 0.735965
  0.125876 0.704680 0.961108 0.589973
  0.548170 0.126663 0.430701 1.574254
  0.659640 0.479027 -0.072574 1.241183
  0.011301 0.600042 -1.269619 -0.712142
  0.226524 0.898960 -0.150472 0.837092
  0.095682 0.497028 -1.909260 -0.448274
  0.634826 0.865924 1.381703 0.653821
  0.846749 0.007276 0.058613 0.014839
  0.204750 0.230928 0.784548 -0.058029
  0.229151 0.552529 -0.453260 0.917406
  0.426699 0.450095 -0.190820 -0.657191
  0.676200 0.278915 -0.669134 1.117436
  0.998815 0.249888 0.123617 0.428825
  0.127081 0.296680 0.760917 -0.236895
  0.288191 0.469398 0.249745 0.283397
  0.821871 0.045612 0.554516 1.460268
  0.040212 0.178996 0.711685 -0.465438
  0.065258 0.739350 -0.985530 -1.020485
  0.868861 0.269304 -0.874306 -0.013921
  0.031304 0.761572 -0.493413 -0.016854
  0.334398 0.244848 0.801674 -1.789322
  0.189801 0.782906 -0.036551 0.795107
  0.938966 0.522363 -0.966890 0.392338
  0.945282 0.385047 -0.031486 -0.817979
  0.578393 0.722775 -0.950023 -0.703095
  0.796536 0.977293 0.084013 0.249465
  0.915633 0.576134 -0.478576 0.906506
  0.938228 0.012904 -0.188817 -0.006176
  0.168881 0.495529 -0.868117 -0.154049
  0.070022 0.395497 -1.135607 0.481908
  0.767512 0.064513 -0.028985 1.579637
  0.956550 0.348322 0.125139 0.550941
  0.461857 0.279625 -0.219091 2.016823
  0.130380 0.575949 0.719977 -0.170548
  0.666246 0.802706 0.588423 -0.773314
  0.961907 0.618865 2.648063 1.398577
  0.830067 0.466117 1.325045 -0.060005
  0.282961 0.392234 -0.532182 0.321423
  0.293122 0.365415 0.050238 -0.498031
  0.912062 0.089994 -0.087791 0.225275
  0.735490 0.858963 0.084251 -1.567872
  0.015945 0.450366 0.672815 -0.660429
  0.021384 0.921854 1.047857 1.113146
  0.162272 0.929235 0.813914 -0.478529
  0.425127 0.007250 0.598620 0.660965
  0.112326 0.090028 -0.195416 -0.360331
  0.174915 0.268323 -0.545126 -0.392921
  0.439627 0.190050 -0.509242 -0.573284
  0.519449 0.785819 0.073652 -0.481307
  0.303213 0.280037 0.218274 0.126602
  0.806371 0.818043 -0.187733 1.061048
  0.862742 0.985330 -1.534754 -2.223747
  0.244608 0.767852 -0.037182 1.371268
  0.379505 0.568683 0.249820 0.463358
  0.172060 0.553556 2.070727 2.161306
  0.414331 0.260990 0.617403 -0.489712
  0.642112 0.716215 -0.203046 0.435203
  0.964139 0.459309 -0.430345 -1.197490
  0.121206 0.388492 -0.923845 -1.168082
  0.876862 0.866868 0.245546 -0.744351
  0.026608 0.252030 0.522491 0.564902
  0.077080 0.460208 0.165578 1.188741
  0.582919 0.393568 0.939728 1.684348
  0.869129 0.336196 1.892468 -0.131110
  0.819223 0.135347 -0.451816 -0.021740
  0.067925 0.030447 0.931213 -0.776181
  0.897370 0.131072 0.464462 0.766356
  0.498774 0.376243 0.423918 1.328463
  0.618685 0.267334 0.550135 -0.923902
  0.828138 0.480326 -0.344425 0.456739
  0.754089 0.736818 0.737496 -0.524974
  0.188882 0.299660 -0.485298 -0.901409
  0.654091 0.603869 -0.612403 1.012153
  0.872008 0.510727 0.904123 2.119810
  0.822729 0.758002 1.640271 1.150160
  0.665115 0.718796 -1.130539 -0.571821
  0.546887 0.795278 0.628610 0.366580
  0.808053 0.733242 -2.738191 0.283110
  0.034533 0.941971 0.965193 0.672962
  0.176844 0.456633 -0.716310 -0.588715
  0.171547 0.790398 -0.926447 -1.671342
  0.811257 0.429139 -0.780892 -1.187171
  0.665206 0.994436 0.143136 0.520229
  0.736791 0.757332 0.238008 -1.220928
  0.744448 0.751910 -0.301501 0.315776
  0.549874 0.685556 0.383935 1.165140
  0.983134 0.189460 0.819762 -0.277841
  0.081638 0.331916 -1.021875 -1.168980
  0.790441 0.566991 0.692547 -1.540410
  0.836059 0.114945 0.124190 1.091372
  0.482656 0.874546 0.194389 -0.873179
  0.112927 0.115273 -0.172469 -0.543227
  0.115270 0.078265 0.928186 0.846087
  0.212085 0.871576 -0.456310 -1.225736
  0.328045 0.706378 0.959659 -0.361207
  0.422709 0.409554 0.074011 0.200704
  0.851268 0.149959 -0.201143 -0.445392
  0.462776 0.966779 0.065295 0.865909
  0.977287 0.264935 -0.695726 1.074760
  0.642812 0.674595 -0.319097 1.433750
  0.468921 0.978370 -0.776374 0.481635
  0.178957 0.075613 -0.622768 -0.223107
  0.232400 0.954110 -1.577100 -0.640585
  0.645592 0.223692 -1.665758 0.076824
  0.665807 0.278919 0.585861 -0.340942
  0.935156 0.105248 1.150912 0.583940
  0.699505 0.461319 -0.768781 0.610608
  0.592161 0.161737 -1.615785 -2.272809
  0.002836 0.896990 -0.143909 1.958565
  0.478256 0.617682 -0.875272 1.251983
  0.182209 0.315750 0.255662 1.622409
  0.102904 0.815817 -0.450399 -0.060794
  0.766894 0.626839 -2.049214 -0.584441
  0.768524 0.200038 -1.358457 -0.622169
  0.866599 0.833758 -0.462939 0.014930
  0.039017 0.438868 0.602591 -0.346271
  0.844380 0.266024 -0.180389 0.518796
  0.774124 0.261567 -0.513395 -1.003279
  0.098118 0.230182 1.531096 1.577507
  0.272267 0.092800 -0.931270 -1.363641
  0.153579 0.463662 -1.553175 0.543065
  0.936179 0.321455 1.371295 0.105557
  0.046781 0.472944 1.605713 -1.373475
  0.011794 0.367113 0.798017 -2.677436
  0.311523 0.599742 -0.896199 0.370798
  0.222314 0.396022 2.615160 2.148198
  0.596776 0.278551 0.930643 -0.376160
  0.086428 0.406599 0.148487 -2.015319
  0.986540 0.013385 -1.220128 -2.394342
  0.742606 0.239857 0.051875 -0.237544
  0.408192 0.621801 -0.537510 0.148791
  0.039171 0.417139 -0.715160 1.060202
  0.616782 0.083893 1.445887 -0.554494
  0.536048 0.327790 1.922186 -1.420630
  0.534476 0.200709 -0.121543 0.373191
  0.101133 0.621386 -0.218433 -0.557075
  0.588859 0.961496 1.406982 -0.664396
  0.150825 0.039476 -0.952832 -0.806627
  0.785696 0.932602 0.550607 -0.258968
  0.232631 0.407975 0.175468 -0.760997
  0.879266 0.723669 1.485164 0.969034
  0.644880 0.375315 -1.496427 -0.109643
  0.857774 0.946909 0.293467 0.197835
  0.277677 0.656201 -0.538398 -0.158932
  0.960881 0.136683 0.681464 1.530080
  0.344139 0.379641 0.554838 0.094228
  0.814798 0.900819 0.032104 -0.419468
  0.428209 0.625468 -1.757677 -0.675196
  0.960363 0.818407 -0.996132 -1.172746
  0.548011 0.606189 -0.024819 1.537805
  0.097836 0.217852 -2.307633 0.367558
  0.255283 0.509960 -0.420569 -1.537832
  0.539840 0.126596 -1.591154 -0.171742
  0.457652 0.014313 0.053646 1.769954
  0.711598 0.528015 0.086533 -0.188674
  0.917353 0.665807 -0.220843 0.329258
  0.470549 0.206324 -1.424172 -2.206625
  0.087618 0.444212 0.816427 1.361064
  0.894785 0.622348 0.288082 0.160485
  0.953168 0.594211 0.661907 1.277256
  0.513450 0.488390 0.149633 -0.815397
  0.995595 0.380430 0.792640 1.363201
  0.748295 0.641716 -0.049654 2.614334
  0.547489 0.226129 -1.858532 -0.627294
  0.932905 0.542004 0.847981 2.064495
  0.863356 0.961793 1.637121 -0.295902
  0.306613 0.092489 0.338853 -0.496149
  0.035091 0.257191 0.189447 1.072470
  0.487152 0.784686 1.479600 -1.381194
  0.442791 0.922096 -0.062163 -0.978068
  0.907390 0.403755 -0.909233 -0.410032
  0.063165 0.033165 0.132623 0.382854
  0.254895 0.990770 -0.001194 -1.027267
  0.746524 0.188149 -0.702851 -0.781463
  0.254688 0.865810 -0.456781 -0.076619
  0.974191 0.410129 0.488962 -0.279885
  0.168309 0.225427 -1.471876 -2.679676
  0.043341 0.503765 -0.243460 -1.887413
  0.778788 0.368141 -0.042415 -0.904966
  0.762878 0.666967 -2.848530 1.340449
  0.499771 0.308310 0.411203 -0.553161
  0.975361 0.851046 -0.381187 -0.732618
  0.476283 0.893878 -0.281425 1.875741
  0.716863 0.194863 -0.254335 0.631730
  0.558026 0.518105 1.588798 1.294049
  0.782478 0.893573 0.089367 0.270967
  0.723526 0.704341 -0.044869 -0.957581
  0.537797 0.276038 -0.623399 1.199831
  0.669375 0.029381 -0.680763 -1.108827
  0.025585 0.284717 0.916622 1.721779
  0.701619 0.089188 0.345898 -0.340960
  0.459290 0.248594 1.274415 0.120404
  0.266162 0.583850 1.090274 -1.868491
  0.958347 0.501607 -0.095223 0.605987
  0.320275 0.990496 0.459439 -0.739309
  0.217927 0.829450 -1.041356 0.438740
  0.654526 0.185188 0.814198 1.506159
  0.049884 0.381887 2.122045 -0.558376
  0.357997 0.343572 -0.100178 0.236262
  0.431236 0.647940 1.148054 0.022852
  0.471226 0.674985 -0.557549 0.141223
  0.599286 0.845433 -0.248987 0.751485
  0.816063 0.148153 -0.123170 -0.434994
  0.202741 0.432405 -1.232415 -1.217948
  0.020981 0.165212 0.557544 -0.004705
  0.807588 0.536947 0.258271 -0.753864
  0.821187 0.737323 0.518736 0.480299
  0.870161 0.632192 -0.447794 -1.648350
  0.451247 0.104288 -2.778388 1.874543
  0.955888 0.717734 1.561151 -0.613151
  0.731720 0.199888 0.341855 -0.709430
  0.029393 0.701644 -0.012310 0.983732
  0.263191 0.881817 -0.476370 1.758503
  0.829538 0.970080 -0.842857 0.890171
  0.196228 0.452678 -0.344903 -1.473332
  0.427926 0.811789 1.756558 -1.028883
  0.746610 0.649150 0.252348 -1.355352
  0.630877 0.406620 0.135335 -1.467230
  0.243967 0.327254 -1.589804 -0.322714
  0.997831 0.711662 1.120200 -1.332470
  0.066728 0.445368 -2.063278 0.386384
  0.456124 0.623850 1.990917 -0.490325
  0.057135 0.343236 -0.893664 0.143579
  0.511920 0.778987 -0.711603 -1.139554
  0.996055 0.108110 -0.857720 0.745432
  0.374095 0.200883 0.068174 -0.305379
  0.435407 0.574559 -0.183025 0.787023
  0.292748 0.749922 -0.432719 0.413683
  0.212074 0.298294 0.288351 -0.107303
  0.437096 0.800368 -0.295126 -1.794046
  0.232099 0.422931 -0.238675 1.457908
  0.410621 0.610032 -1.853634 0.140076
  0.490945 0.021366 -0.378057 0.353790
  0.216582 0.340034 0.486440 -1.985370
  0.316111 0.277573 2.366324 -1.160058
  0.591986 0.162786 0.682697 -1.240208
  0.485386 0.705809 1.276746 -0.148625
  0.327114 0.934352 1.522751 -0.269990
  0.423288 0.305270 -0.667580 0.741149
  0.277875 0.785340 -1.204261 -0.778364
  0.711263 0.743605 -0.194761 -0.755541
  0.976600 0.136926 -0.445884 0.381717
  0.894864 0.634198 0.457918 -0.172922
  0.884081 0.297579 0.383466 -1.812280
  0.183728 0.124227 1.400089 -2.185236
  0.712482 0.508306 0.311195 1.250620
  0.269005 0.082441 0.754341 0.451946
  0.828479 0.750931 -2.303517 0.330263
  0.580468 0.747237 0.858609 -0.647271
  0.333135 0.887406 -1.460299 2.399448
  0.096940 0.699371 0.474796 0.520705
  0.115443 0.374153 -0.352030 -0.678725
  0.743894 0.651990 0.394517 0.856099
  0.855434 0.084364 0.189280 -0.574802
  0.794285 0.884405 -0.102080 1.671230
  0.600736 0.282199 -0.274721 0.490763
  0.260016 0.369230 -0.452882 -0.368034
  0.481415 0.738064 0.341117 1.092446
  0.965925 0.011501 -0.137627 0.245541
  0.471562 0.062743 -0.048143 1.822126
  0.177711 0.618085 -0.545632 -1.137017
  0.016154 0.312715 -1.477127 0.174286
  0.062531 0.109385 1.332235 -1.117066
  0.174356 0.701784 -1.054299 0.306697
  0.608046 0.928309 -0.547284 0.542446
  0.744201 0.593278 0.300769 0.591168
  0.387142 0.174040 -0.215381 -0.063188
  0.607423 0.491693 -0.315934 0.993465
  0.642567 0.587443 -0.653625 -0.352309
  0.475454 0.872212 -0.179854 0.706112
  0.193932 0.271147 -0.367854 -0.778645
  0.822688 0.818179 -1.863486 0.783678
  0.036402 0.933588 -0.757854 -0.715793
  0.554660 0.527802 -1.023595 1.619742
  0.159661 0.598483 0.532495 0.156695
  0.788078 0.300802 -0.748150 -1.579927
  0.022601 0.281353 -0.059550 -0.876242
  0.217705 0.355495 0.493507 0.865996
  0.077286 0.039968 -1.117386 1.267369
  0.537653 0.684979 -0.977970 -1.466381
  0.147988 0.100498 0.950135 0.412901
  0.178823 0.449069 -0.403470 -0.045222
  0.790145 0.287003 -0.093063 -2.478714
  0.819828 0.938246 -0.501531 -0.586369
  0.646125 0.532225 -0.473655 -0.408332
  0.235524 0.751340 -0.393303 1.162435
  0.213450 0.868698 -0.693925 0.564113
  0.952925 0.468620 0.479155 0.014324
  0.593539 0.605240 0.118190 0.936228
  0.995623 0.108814 0.649876 -0.446703
  0.519620 0.753403 -0.034222 0.381785
  0.863754 0.421957 0.104854 -0.412814
  0.822726 0.037912 1.577572 0.345765
  0.402946 0.127807 1.180807 1.625870
  0.399513 0.652969 0.712263 1.330277
  0.023991 0.972838 1.154075 0.701446
  0.989070 0.742762 0.220988 -0.580950
  0.320361 0.913365 -1.131187 -0.378111
  0.985110 0.219711 -2.891524 0.957358
  0.183201 0.673981 -0.846685 -0.029769
  0.105422 0.186054 -0.974254 0.663273
  0.654868 0.881124 -0.383179 2.775071
  0.111742 0.153129 -1.390792 -0.649633
  0.944131 0.462887 1.799838 0.483687
  0.093169 0.648497 -1.198775 -0.059351
  0.073403 0.688283 -0.960621 -0.681080
  0.261094 0.711602 1.268330 -0.776479
  0.717057 0.184860 -1.406167 0.820579
  0.010794 0.344929 -0.263724 0.102600
  0.308551 0.513078 -1.163291 0.294762
  0.440868 0.624992 0.755495 -0.991531
  0.838336 0.513052 -0.487396 -0.408327
  0.339084 0.870873 0.117155 -0.051257
  0.562669 0.228336 -0.551481 0.964825
  0.742183 0.776416 0.087463 0.032481
  0.955135 0.042185 1.464499 -0.865612
  0.112128 0.078309 -0.181038 -0.328423
  0.123373 0.694719 0.377507 0.402212
  0.567157 0.430677 0.383534 -0.237041
  0.932295 0.880641 1.726034 -2.159142
  0.108099 0.567706 0.678135 0.307906
  0.780244 0.532196 -1.008363 -2.956598
  0.010410 0.873243 -0.242671 -0.456033
  0.234790 0.241917 0.105417 -0.412852
  0.421179 0.929382 -0.400805 0.730736
  0.526538 0.960433 -0.769140 -0.416783
  0.742186 0.967490 -0.584443 -0.385733
  0.130411 0.584761 0.558005 0.632563
  0.314397 0.468615 -0.227140 -0.091893
  0.303179 0.392285 -0.444587 -0.427811
  0.134273 0.032866 -1.080976 0.213106
  0.629098 0.569294 -0.690166 -0.407500
  0.860461 0.067772 -1.507444 -0.839710
  0.842624 0.416903 1.313573 -2.697959
  0.235460 0.709329 -1.423814 -0.665562
  0.881873 0.741177 0.817780 -0.423074
  0.835548 0.866651 -0.538475 -0.636611
  0.751559 0.935390 1.370835 -2.662706
  0.262104 0.425063 -1.356373 -0.011098
  0.508068 0.863088 0.990955 -0.693274
  0.179627 0.424859 -1.022243 1.168133
  0.663378 0.367733 0.251615 -0.636254
  0.892693 0.657691 0.719779 0.225043
  0.806424 0.891579 1.211967 -0.384333
  0.303400 0.698581 0.323913 -1.263339
  0.588086 0.933287 -0.179316 0.561252
  0.850908 0.319535 -0.993612 -0.638456
  0.641622 0.741267 -0.264801 1.182575
  0.157274 0.531033 0.222971 -0.149166
  0.140789 0.132048 0.541575 0.062811
  0.281831 0.272252 0.025657 -1.125654
  0.853527 0.524621 1.375662 -1.973289
  0.859139 0.364942 -0.669430 -0.433521
  0.563354 0.231258 0.552751 0.367645
  0.282724 0.553518 -0.903433 1.371372
  0.722490 0.445910 1.711433 0.050810
  0.855063 0.650039 1.200523 -0.220974
  0.451950 0.136792 -0.013272 -0.118110
  0.323408 0.370761 -0.529171 -1.403627
  0.135296 0.134981 0.628800 -1.489390
  0.360076 0.628674 -1.209920 -2.886161
  0.811029 0.739898 1.714756 -0.636017
  0.878987 0.776087 -0.308907 -0.897069
  0.291116 0.486742 -1.280200 1.015321
  0.027626 0.437266 -0.165408 -1.643260
  0.162984 0.717887 -0.326455 -0.234783
  0.644655 0.822823 1.600712 0.077586
  0.571953 0.728566 -0.820128 0.206500
  0.468688 0.569144 -0.383345 1.583552
  0.992899 0.443775 0.304407 -0.696696
  0.771823 0.397400 -0.344641 -1.289185
  0.192989 0.630428 1.064438 -0.237704
  0.500136 0.341195 -0.085328 1.074162
  0.528511 0.854442 1.006173 -0.153543
  0.714708 0.671977 -0.747558 0.139808
  0.193153 0.594765 -1.327356 1.442200
  0.903174 0.040067 0.852470 0.179490
  0.748588 0.699664 -0.476972 -0.074764
  0.613322 0.856802 0.221334 -0.412903
  0.510834 0.462530 0.579875 -0.540842
  0.302241 0.686827 -1.079172 -0.101462
  0.371492 0.721324 0.567060 0.105699
  0.590131 0.938280 -1.604003 -1.624127
  0.346075 0.031352 1.683562 1.658071
  0.335020 0.083565 0.189668 0.564076
  0.152146 0.432759 0.069657 -0.212434
  0.657434 0.414630 -1.438501 -1.289085
  0.605878 0.346679 0.466462 -0.187401
  0.158333 0.158493 -0.534476 -0.569903
  0.040895 0.562214 0.016899 0.604020
  0.104069 0.731881 0.014608 -0.411749
  0.176946 0.929865 -1.050885 -0.872934
  0.168417 0.361356 0.051824 -0.981771
  0.297675 0.135918 -0.723774 0.812192
  0.810387 0.748462 -0.496695 0.184792
  0.526684 0.080786 1.436388 0.654920
  0.851814 0.904561 -1.367761 1.182463
  0.711775 0.013895 0.741340 0.653627
  0.603212 0.635014 0.121253 -1.376265
  0.280730 0.879872 2.017623 -0.203521
  0.040870 0.810021 -0.883862 2.012775
  0.606223 0.427005 0.443088 0.395602
  0.512871 0.585071 -0.733817 0.561484
  0.048300 0.221697 0.701433 0.023878
  0.119337 0.381426 0.534180 -0.119289
  0.384393 0.465428 -1.461825 0.042070
  0.585619 0.512974 0.387672 -1.216094
  0.316843 0.888780 0.073657 -0.172230
  0.699370 0.902907 0.340152 -0.635424
  0.932093 0.167388 -1.285178 -0.784354
  0.064770 0.628636 0.146840 -0.675725
  0.574122 0.436816 -0.512160 0.908430
  0.223715 0.306125 -1.553138 0.143184
  0.133234 0.698027 0.906918 0.556207
  0.821864 0.349759 0.153437 2.774730
  0.990824 0.423008 -0.315456 0.069682
  0.525892 0.097778 -0.122811 -1.378535
  0.948980 0.216062 -0.518722 0.632632
  0.483924 0.362370 -0.942836 -0.989674
  0.008840 0.194560 -2.244939 -1.128597
  0.115832 0.301941 -0.628457 -1.234202
  0.026988 0.925426 1.094511 0.183842
  0.806391 0.634045 0.844298 -0.430194
  0.545676 0.845739 -1.414325 -1.801133
  0.228640 0.072249 0.376667 0.879131
  0.878954 0.148164 0.706244 1.361785
  0.700409 0.433241 -0.041671 -1.032810
  0.022992 0.148237 0.109680 1.052121
  0.606977 0.260746 0.676218 0.421874
  0.256742 0.644023 0.268619 1.390708
  0.425995 0.216973 -0.665721 -1.076748
  0.978555 0.087314 0.601149 -1.360706
  0.965571 0.078696 2.491960 -0.886013
  0.679983 0.207344 -0.385920 -0.733670
  0.379988 0.362674 -1.121894 1.487667
  0.094570 0.604981 2.184904 3.824419
  0.601575 0.832179 -0.709295 -0.929998
  0.081814 0.611751 -0.069825 1.863746
  0.576142 0.843187 -2.467570 0.345423
  0.796242 0.364913 1.587038 0.340039
  0.813529 0.364172 0.468616 0.037793
  0.902280 0.691650 0.733315 0.461725
  0.044781 0.969584 2.338742 0.357321
  0.851402 0.758040 -2.300763 -1.057957
  0.767672 0.593193 -1.538423 0.523326
  0.447707 0.838196 -0.012927 0.056567
  0.311409 0.484390 1.940686 -0.131967
  0.589780 0.895977 1.280078 0.637177
  0.703785 0.681998 2.029267 -2.140516
  0.135870 0.020547 0.417853 0.270105
  0.165850 0.623884 -0.458844 0.297727
  0.856130 0.734107 1.883614 1.215241
  0.420943 0.661497 0.950612 0.502009
  0.500977 0.938810 2.015175 0.380163
  0.476502 0.952408 -1.792452 -0.481469
  0.650151 0.675021 0.451404 0.261589
  0.212232 0.425586 -1.393825 1.397077
  0.344342 0.803202 -1.835404 0.321610
  0.237290 0.552702 -0.390894 -1.598500
  0.341027 0.258632 -0.788605 -0.890078
  0.753584 0.351498 0.661189 -0.435471
  0.867846 0.845384 -0.457800 0.058429
  0.573102 0.834552 -0.165388 -1.833549
  0.169689 0.906772 -0.727227 -0.065231
  0.008641 0.620242 -1.597098 0.649154
  0.063181 0.583856 -1.028939 0.451367
  0.839735 0.446040 0.596095 -0.142218
  0.552215 0.842450 1.615905 0.070175
  0.921016 0.435128 0.385762 1.082638
  0.518549 0.773730 -2.041425 -1.212252
  0.448307 0.547334 -0.911255 -0.317401
  0.434650 0.807804 -0.482573 1.807396
  0.572190 0.777826 1.752439 0.409184
  0.401675 0.961030 -0.025962 -0.921425
  0.702582 0.995778 0.861782 0.562523
  0.902815 0.747230 -0.150308 -0.476549
  0.535012 0.439075 0.066381 -0.581469
  0.019711 0.583438 1.029860 2.001395
  0.495868 0.520591 0.082099 0.786076
  0.133630 0.363613 1.062750 0.125085
  0.563976 0.364811 -0.899489 -1.706136
  0.850458 0.506162 -1.027727 1.099780
  0.560148 0.315834 0.724172 0.573490
  0.739149 0.614217 0.119834 0.893164
  0.774050 0.825349 -1.179485 0.483106
  0.709688 0.500468 0.580508 -0.656697
  0.861795 0.261375 -0.079376 -0.924752
  0.557520 0.154622 -1.392047 -0.224992
  0.835882 0.130444 0.034683 -0.687562
  0.335654 0.139032 -1.565202 -0.334479
  0.644477 0.179925 -0.112955 0.132508
  0.617494 0.513170 0.198878 0.378519
  0.452318 0.371283 -2.131713 0.778850
  0.657990 0.763345 1.932044 0.184145
  0.098083 0.358369 -1.768912 0.090933
  0.079699 0.798378 -0.074191 0.099316
  0.141651 0.480024 -1.928596 0.031945
  0.347606 0.801553 0.864441 0.566334
  0.584507 0.789085 1.162139 0.968460
  0.517503 0.970503 0.627700 0.646469
  0.921032 0.626889 0.628028 -0.481080
  0.460767 0.973300 -0.129921 0.940629
  0.351232 0.866860 2.061940 -1.385195
  0.632885 0.656072 -1.014940 -0.047696
  0.552282 0.741310 -0.457498 0.594139
  0.168502 0.260751 -0.011319 1.249390
  0.758725 0.774715 0.027418 0.123883
  0.095984 0.338155 0.438158 -1.362662
  0.310668 0.873383 -1.789592 -0.542208
  0.612730 0.638331 0.293796 0.397795
  0.894148 0.166690 0.727016 1.049065
  0.562191 0.949828 -0.729969 -1.401183
  0.694892 0.828054 1.450264 -0.064131
  0.392745 0.474084 -0.450579 0.514374
  0.686552 0.386794 1.470638 -1.576466
  0.125943 0.238791 -1.145626 1.226037
  0.983783 0.929370 0.099929 -0.152516
  0.386976 0.442281 0.696313 0.127344
  0.758590 0.024291 0.023489 0.408800
  0.570612 0.243652 1.016485 -0.579494
  0.897228 0.560733 1.531147 -2.346402
  0.981845 0.172656 1.286709 -0.977610
  0.913562 0.677206 1.917943 0.792911
  0.622151 0.203666 -1.090014 -1.927007
  0.848133 0.543404 2.827644 0.195565
  0.428818 0.151627 0.118472 -1.965703
  0.723858 0.152908 0.610096 -0.142059
  0.487986 0.146040 -0.297459 0.093803
  0.385401 0.215381 -1.036775 -0.327220
  0.393179 0.061650 -0.433912 -1.599260
  0.531152 0.154220 1.386953 0.775156
  0.872251 0.516956 1.065504 1.222126
  0.652430 0.963480 -1.783221 -0.439522
  0.020581 0.849303 0.534333 -0.176609
  0.554078 0.743156 -0.057467 -0.391021
  0.438145 0.547473 1.224071 1.452666
  0.174217 0.488856 -1.437185 0.837701
  0.032287 0.061404 -1.101906 -1.614859
  0.605103 0.983134 -0.554547 0.291289
  0.944839 0.409705 0.341611 0.562808
  0.821435 0.048592 -1.062326 0.367996
  0.326550 0.691915 0.171240 1.257883
  0.457623 0.280375 0.138766 0.130747
  0.515599 0.421169 -0.734472 0.252893
  0.422802 0.928056 -0.657892 -0.067350
  0.494486 0.960938 -1.719815 0.665490
  0.154251 0.324298 0.188975 0.305159
  0.510102 0.310495 -0.033890 1.317563
  0.294918 0.470179 0.054518 -0.354945
  0.465946 0.851859 -0.488437 -0.930580
  0.490637 0.874227 -0.810842 -0.658466
  0.104995 0.960616 0.853993 -0.647613
  0.271913 0.573440 0.034733 1.338165
  0.500897 0.390368 0.635057 -0.439170
  0.401705 0.607962 2.338021 -1.087189
  0.816972 0.901747 -0.667887 0.859993
  0.837674 0.288224 0.369358 -0.634915
  0.223603 0.824325 -0.835607 -0.714734
  0.340112 0.058321 -0.572625 1.366183
  0.682379 0.623702 -0.777004 -0.554472
  0.747791 0.519701 -0.001655 -0.232217
  0.953772 0.661327 -0.873310 1.017058
  0.762199 0.324463 -0.945308 -0.786166
  0.493010 0.064418 0.216882 -1.709860
  0.230024 0.302651 -0.852779 -1.021213
  0.069603 0.529570 -0.782914 -0.877010
  0.735741 0.082404 -1.069628 1.100770
  0.692985 0.524073 0.209296 1.090851
  0.910509 0.401354 -0.531132 -0.936137
  0.570239 0.207062 1.042043 0.581548
  0.170343 0.337882 0.314203 -1.354103
  0.909523 0.561077 -1.652261 -1.021041
  0.138067 0.546398 -0.816227 -0.657910
  0.960921 0.495674 1.858176 0.174162
  0.796192 0.832399 -0.886234 -0.264774
  0.208379 0.924740 0.510661 -0.639431
  0.195143 0.108229 -1.609434 -0.149073
  0.950222 0.930433 0.959085 -0.274406
  0.021035 0.069329 -1.643132 -0.001064
  0.425419 0.464296 -1.464992 1.311829
  0.394838 0.512883 0.873061 0.591956
  0.915372 0.673326 -1.681744 -0.609330
  0.034150 0.625909 -1.654065 -0.329094
  0.962221 0.871746 -0.515236 2.445483
  0.338152 0.846730 -0.221635 0.510626
  0.908469 0.764773 0.449208 -0.650049
  0.440365 0.953282 0.259827 0.529995
  0.600945 0.204451 1.808451 -1.109057
  0.383748 0.496612 -0.634624 2.130267
  0.098427 0.256145 -2.255722 1.738549
  0.876262 0.057887 -1.319557 -0.450057
  0.614763 0.323285 1.827137 -1.185640
  0.321520 0.259630 -1.733965 -0.928866
  0.638512 0.541209 0.427230 -0.427049
  0.622281 0.307113 -0.807201 0.276962
  0.226044 0.202504 -0.333825 0.251539
  0.239290 0.674817 -0.917685 -0.308245
  0.585879 0.392635 -2.068583 -0.086921
  0.947571 0.005784 0.528858 0.068990
  0.650181 0.857923 -0.949632 1.607608
  0.306328 0.768376 0.303795 -2.240705
  0.374352 0.474771 0.038260 1.152225
  0.159618 0.332967 -0.208464 0.483755
  0.903151 0.851220 -0.475902 -0.008687
  0.704542 0.168369 0.591066 -0.064444
  0.857952 0.310304 -0.196768 0.136477
  0.116569 0.087734 -1.067161 1.281669
  0.139870 0.493349 -1.482933 -0.368301
  0.641786 0.880748 -1.132238 0.132376
  0.312684 0.119110 1.071888 -0.115300
  0.450285 0.355332 -1.298654 -0.890250
  0.639167 0.459217 0.083851 -2.593827
  0.473713 0.588982 -0.130477 0.623493
  0.983449 0.079627 -1.033131 -0.284138
  0.763786 0.504270 1.433340 -1.195842
  0.742869 0.983140 -0.083351 1.306805
  0.248688 0.185875 0.241356 -1.032267
  0.197835 0.651858 -0.365982 -0.111301
  0.350605 0.262728 -0.965099 -0.655235
  0.790839 0.086704 -1.043399 1.312779
  0.901162 0.918988 0.517020 0.990461
  0.334299 0.422132 1.026030 0.724287
  0.871422 0.596691 -1.096929 -0.692710
  0.991078 0.928100 -1.532832 -1.894457
  0.666006 0.482640 0.663328 0.750885
  0.572687 0.741197 -0.928977 -0.758010
  0.570402 0.411161 1.339374 -0.298919
  0.877031 0.019281 -2.118822 0.054697
  0.131308 0.244067 0.794001 0.251783
  0.859111 0.456903 0.314540 1.040025
  0.538075 0.873787 -1.107096 -1.138693
  0.622793 0.779055 -0.246751 -0.720996
  0.236453 0.910321 -0.498399 1.157162
  0.351058 0.571378 0.530666 0.339683
  0.537825 0.010030 0.563327 -0.065628
  0.684765 0.246247 -0.642417 -0.329465
  0.652835 0.448025 1.602893 0.628776
  0.235414 0.365501 0.565623 0.485909
  0.081528 0.234674 0.762717 0.718833
  0.710593 0.997989 -1.029817 0.329401
  0.759426 0.372291 0.640424 0.195217
  0.417099 0.753912 -0.464578 0.071281
  0.212005 0.343290 -1.357351 -0.935627
  0.998891 0.797389 -1.854504 -0.546572
  0.201526 0.886933 0.113188 0.237094
  0.125757 0.666875 0.595950 -0.200671
  0.512152 0.397930 -0.976130 0.543246
  0.328971 0.609515 -0.123126 2.194051
  0.517760 0.444472 -1.316221 0.036984
  0.692873 0.276863 -0.597789 -0.885398
  0.135490 0.606647 -1.140888 -0.877652
  0.317629 0.343043 0.497555 1.279840
  0.756372 0.070574 1.054478 -0.631641
  0.869947 0.068318 1.958544 0.547822
  0.031147 0.831018 1.299936 -1.535553
  0.535488 0.870754 0.090963 -0.694555
  0.447922 0.648272 -0.050740 0.865971
  0.601490 0.374425 0.489283 2.633455
  0.521842 0.596161 0.426105 -0.579453
  0.259330 0.670394 -0.864678 -1.352270
  0.437249 0.610629 0.208263 -1.862749
  0.176033 0.668264 -0.645821 1.055431
  0.235125 0.831879 -1.937364 -0.236190
  0.181289 0.937750 -0.965318 -0.289876
  0.811164 0.783202 0.269498 -1.139406
  0.118720 0.355209 1.499621 -0.489188
  0.235517 0.088643 0.948324 0.272947
  0.755054 0.916774 1.565520 0.319337
  0.841862 0.915697 0.545648 0.824939
  0.559639 0.209939 -0.150653 -0.334093
  0.240188 0.928958 0.740347 0.569690
  0.091178 0.699999 -0.080838 2.171794
  0.360676 0.442259 -0.447502 1.840246
  0.216333 0.442883 -0.670515 -1.243300
  0.565543 0.363462 1.322643 0.271338
  0.238750 0.052910 -0.742720 -0.940230
  0.805003 0.351895 -0.685629 2.694426
  0.362102 0.968370 0.084818 0.299974
  0.078185 0.440336 1.802578 -0.103316
  0.682719 0.731988 -0.488270 -1.742835
  0.897470 0.554357 0.914686 -0.596816
  0.758659 0.987477 -0.994906 -0.633292
  0.095208 0.734943 0.455338 -1.004489
  0.980188 0.160437 -0.136216 -0.035372
  0.162008 0.530882 -2.142337 -1.549233
  0.873324 0.794194 -0.587375 -1.703783
  0.586234 0.731414 0.620163 2.145316
  0.265746 0.082758 -0.915371 -0.447408
  0.420527 0.496867 -0.908415 -1.384903
  0.484438 0.423635 -1.181546 -0.967039
  0.236069 0.568329 -1.082784 1.393541
  0.019647 0.560056 -0.523996 -0.120712
  0.243806 0.779007 -1.526133 -0.443668
  0.149229 0.713560 0.018989 -1.319615
  0.957406 0.733429 2.399755 0.873992
  0.564997 0.644868 -1.669118 -0.427770
  0.616098 0.913374 -0.286033 -0.731457
  0.988965 0.820101 0.249736 1.484523
  0.674436 0.831538 -1.638496 1.451874
  0.770844 0.979267 1.167585 1.141702
  0.613750 0.398154 -0.385232 0.172874
  0.594998 0.121430 1.248735 -2.015835
  0.881053 0.034912 0.078749 1.201282
  0.170686 0.875994 0.173160 -0.144627
  0.184373 0.965002 -0.058974 0.127888
  0.626500 0.664157 -1.161886 -1.663228
  0.783880 0.414568 0.727599 -0.528596
  0.637000 0.510021 0.153548 1.125960
  0.114583 0.458449 -1.675490 0.288242
  0.310071 0.463020 -1.247186 -0.581932
  0.123615 0.002746 -0.262278 2.026786
  0.979679 0.182609 0.960646 0.178377
  0.422601 0.212878 -0.530106 0.196901
  0.947976 0.915772 0.592204 0.068572
  0.511093 0.990162 1.154358 1.348433
  0.380177 0.404404 0.725566 0.927839
  0.327189 0.988626 0.198657 -0.820611
  0.952315 0.178262 -2.190831 -1.961210
  0.018655 0.527394 -0.792259 -1.040111
  0.132906 0.293357 0.571913 0.132626
  0.153297 0.008485 -0.718407 0.420942
  0.833201 0.098297 0.162267 1.055482
  0.704443 0.713786 0.349708 -0.964019
  0.919152 0.549391 -0.756904 0.357421
  0.195399 0.487057 2.579912 -0.793386
  0.773369 0.188330 -0.997346 1.281341
  0.608784 0.190137 -0.602531 0.287881
  0.431320 0.292609 -0.352257 1.035568
  0.118060 0.705020 0.178215 -0.625111
  0.080054 0.837360 0.710107 0.305826
  0.604088 0.810098 -1.200303 -0.632015
  0.495248 0.209311 1.489574 1.057947
  0.297578 0.409216 -0.408498 1.603448
  0.326121 0.954320 -1.111004 1.165818
  0.072304 0.795308 0.244499 0.088833
  0.519547 0.543929 -1.057273 -0.257215
  0.155576 0.751380 -0.624432 -0.647619
  0.453795 0.452585 -1.043592 0.294990
  0.485759 0.959942 3.059523 1.027777
  0.903126 0.627398 -0.053656 0.171343
  0.744281 0.874941 0.525643 -0.170339
  0.879822 0.973165 0.382772 1.225902
  0.350594 0.653715 -1.407971 -1.489737
  0.493265 0.919280 -1.032209 -0.641054
  0.892265 0.799978 -1.920299 -0.261743
  0.082590 0.555505 0.125423 0.668976
  0.080853 0.855567 0.670410 0.771461
  0.664575 0.897994 -0.264512 -0.931984
  0.584242 0.909780 -0.226918 0.262084
  0.712955 0.744326 0.855953 1.107593
  0.498342 0.248254 1.223141 -0.126647
  0.479357 0.187191 -0.489727 -1.125889
  0.249452 0.308748 0.363424 1.144004
  0.022500 0.081192 1.352156 -0.756531
  0.067485 0.380885 -0.141509 -0.389423
  0.885423 0.762266 1.386966 1.458166
  0.185421 0.077297 0.299720 -0.020256
  0.949899 0.069587 1.501085 -0.614134
  0.336242 0.169464 -0.788613 1.091116
  0.933523 0.429310 0.000395 0.493733
  0.848378 0.280686 -1.221332 -0.012311
  0.521498 0.139232 0.745995 1.100845
  0.249901 0.696412 -0.449971 0.243086
  0.270375 0.060792 0.741157 1.230165
  0.125843 0.148208 0.231959 2.171093
  0.823396 0.896322 0.944927 0.326650
  0.559347 0.725095 -0.517082 1.835076
  0.576743 0.798413 -0.115704 -1.200239
  0.651628 0.231777 0.128542 -0.081533
  0.927077 0.678418 0.551271 -1.192029
  0.733506 0.190352 -0.680399 0.074646
  0.448086 0.527887 -0.348645 -0.393801
  0.802474 0.968910 0.930964 -0.596233
  0.030192 0.280991 1.660313 -0.529602
  0.421491 0.096950 1.262195 -0.793507
  0.557655 0.390007 -0.160223 0.655517
  0.650432 0.950816 -0.863890 0.080829
  0.374633 0.665983 -1.226709 0.988097
  0.535357 0.742249 0.120915 -0.061581
  0.541526 0.210277 -0.146714 0.547831
  0.467545 0.320212 0.079996 -1.202275
  0.074720 0.597885 0.539627 -0.474227
  0.148886 0.091345 0.493370 0.383806
  0.268379 0.026756 1.012457 1.536182
  0.062503 0.427056 -0.015267 -0.318596
  0.931840 0.287492 0.256182 1.741513
  0.038410 0.894503 0.468503 3.082746
  0.827618 0.374065 -1.254672 1.213375
  0.332435 0.441427 0.562503 0.982273
  0.777992 0.304741 0.133057 1.368681
  0.118393 0.505301 -1.101711 -0.069608
  0.616816 0.877125 1.186472 0.351417
  0.787770 0.937900 -1.487053 1.526589
  0.236219 0.911192 -0.622290 -0.567994
  0.916726 0.504200 -1.071351 0.792575
  0.299831 0.545011 -0.365991 0.834306
  0.287585 0.007166 -0.530656 1.456888
  0.905126 0.592159 0.138687 1.156279
  0.712068 0.011270 -0.727847 -0.882691
  0.008835 0.167461 1.297252 0.050861
  0.961660 0.035411 -1.476818 1.625911
  0.446583 0.915956 -1.482922 1.327418
  0.105090 0.399767 -0.067888 1.636587
  0.527473 0.718529 -0.000961 -1.336375
  0.411786 0.932957 -0.206547 -0.453009
  0.183149 0.183867 -0.387727 0.898935
  0.062766 0.814638 -0.456594 0.006225
  0.858464 0.202026 1.190446 -2.124936
  0.611920 0.145469 0.914204 -0.641430
  0.701771 0.669577 -0.659685 -0.382532
  0.973919 0.661801 0.899038 -1.342906
  0.917289 0.126075 1.168336 0.206392
  0.905846 0.880891 0.560832 -0.205437
  0.682476 0.896125 -0.592196 0.370946
  0.858105 0.855716 -0.513615 0.313365
  0.572950 0.563042 1.640443 1.721624
  0.920260 0.583390 0.310062 1.122637
  0.066635 0.252637 0.110080 -0.765467
  0.149182 0.749590 0.163992 0.971943
  0.801199 0.085277 -2.026397 0.509014
  0.168923 0.387503 0.287275 -1.002844
  0.910420 0.623980 -0.708105 0.546401
  0.868277 0.404214 -1.411681 0.013219
  0.828606 0.820581 -0.117102 1.214729
  0.543640 0.796985 1.190579 0.415187
  0.756961 0.814547 0.244649 0.642032
  0.766493 0.285648 -0.497276 -1.493934
  0.949317 0.038550 0.397102 1.462419
  0.702682 0.272797 1.492689 0.329634
  0.262911 0.796087 -1.382892 2.089300
  0.517241 0.049230 -0.475431 -0.564068
  0.086143 0.207539 -0.143528 -0.760029
  0.490494 0.418380 1.382787 -0.781247
  0.033943 0.218332 -2.395061 -0.772546
  0.653117 0.355680 -0.491055 0.896587
  0.367812 0.173595 -0.233078 -1.535611
  0.701689 0.449702 -0.750214 1.170356
  0.067913 0.446866 -0.319185 0.864026
  0.644636 0.973618 -1.855229 -0.335047
  0.026582 0.757804 -0.360109 0.248155
  0.541005 0.234991 -0.475246 0.697013
  0.641579 0.512890 -1.840930 0.194829
  0.852872 0.500475 -0.764432 0.509883
  0.227837 0.130358 0.184090 0.998008
  0.439939 0.279563 1.453690 -0.027394
  0.222668 0.386020 0.565274 0.153537
  0.367083 0.219384 1.292596 -0.525265
  0.492729 0.954381 -0.614129 -0.349539
  0.343986 0.094551 -0.018013 1.969887
  0.283898 0.364315 1.789236 -0.362401
  0.519392 0.868432 -0.544824 -0.206550
  0.461397 0.053005 0.739196 -0.641020
  0.852709 0.006747 -0.777280 -0.661591
  0.522314 0.943958 -0.531726 0.170199
  0.396380 0.915353 -1.002714 -0.364526
  0.242526 0.983676 -1.441142 0.487322
  0.848791 0.497100 0.975791 -0.059985
  0.386552 0.226881 0.713029 1.566685
  0.672835 0.542495 -0.517347 -1.829603
  0.265310 0.248366 0.112248 0.029763
  0.949606 0.640654 0.627412 1.575285
  0.761594 0.125930 -0.153227 -0.295733
  0.184084 0.679286 -0.332667 0.433718
  0.991821 0.121858 -0.175439 0.743143
  0.414971 0.006723 -0.334839 -0.209387
  0.847948 0.762083 0.722044 0.033579
  0.188967 0.789911 -0.874962 -0.775820
  0.567711 0.743287 0.809218 -1.217825
  0.323879 0.008022 0.841549 0.484562
  0.399771 0.390844 -0.716707 -0.304020
  0.342711 0.563570 1.496431 1.838026
  0.273601 0.068985 0.050819 -0.890791
  0.914327 0.645186 -0.517636 -0.676237
  0.640448 0.154029 -0.399716 0.759600
  0.945418 0.218199 -1.063384 0.107648
  0.023931 0.203669 1.634280 0.409498
  0.673322 0.085789 -0.511131 -0.197220
  0.725060 0.899804 0.154813 -0.204540
  0.100433 0.258031 0.165771 0.408066
  0.284909 0.130543 0.543522 0.746928
  0.946858 0.300510 -0.666218 1.187642
  0.049501 0.613215 0.328669 0.313031
  0.592524 0.661724 0.262327 -0.264982
  0.804680 0.838251 -1.450244 -0.190567
  0.937540 0.883972 2.292277 -0.950991
  0.776953 0.573774 0.648357 0.690762
  0.123718 0.048974 -1.178015 0.245924
  0.730575 0.734647 1.669569 -0.422697
  0.535744 0.661319 -0.117071 0.010385
  0.871151 0.817609 -1.172665 0.096183
  0.433047 0.024015 -1.271536 0.316099
  0.151537 0.629766 -0.804815 -0.248433
  0.572668 0.989499 -0.379577 0.650952
  0.450225 0.037380 -1.297608 0.578859
  0.675229 0.796724 -0.172858 1.223235
  0.616992 0.620639 -0.165462 -0.128908
