# omega0=1, alpha=0.2
# theta0=0.8, theta_dot0=0
# t_start=0, t_end=50, h=0.00911928
#   t          x(t)                 v(t)       
0  8.000000000000000e-01  0.000000000000000e+00
9.119282013323059e-02 7.978625773453953e-01 -4.671830263993498e-02
1.823856402664613e-01 7.915109316619744e-01 -9.239462877447160e-02
2.735784603996920e-01 7.810481692186917e-01 -1.368523622524526e-01
3.647712805329227e-01 7.665933433249457e-01 -1.799180031676015e-01
4.559641006661534e-01 7.482812640868880e-01 -2.214191992334821e-01
5.471569207993838e-01 7.262624611920147e-01 -2.611833734456088e-01
6.383497409326140e-01 7.007032415600479e-01 -2.990370269174171e-01
7.295425610658441e-01 6.717857776679157e-01 -3.348057698366110e-01
8.207353811990743e-01 6.397081588153746e-01 -3.683151047567106e-01
9.119282013323045e-01 6.046843368169841e-01 -3.993919546220827e-01
1.003121021465535e+00 5.669438998600020e-01 -4.278668932835235e-01
1.094313841598765e+00 5.267316137761086e-01 -4.535769997472787e-01
1.185506661731995e+00 4.843066788367926e-01 -4.763692207090809e-01
1.276699481865225e+00 4.399416623099469e-01 -4.961040914382901e-01
1.367892301998455e+00 3.939210820790053e-01 -5.126596356793697e-01
1.459085122131685e+00 3.465396340214457e-01 -5.259352440063232e-01
1.550277942264916e+00 2.981000746920359e-01 -5.358553198660414e-01
1.641470762398146e+00 2.489107900445742e-01 -5.423724855812786e-01
1.732663582531376e+00 1.992830991866837e-01 -5.454701579688567e-01
1.823856402664606e+00 1.495283581883923e-01 -5.451643346781156e-01
1.915049222797836e+00 9.995494154548135e-02 -5.415044760501426e-01
2.006242042931067e+00 5.086518705459939e-02 -5.345734199853057e-01
2.097434863064297e+00 2.552392961158429e-03 -5.244863246233682e-01
2.188627683197527e+00 -4.470204590556125e-02 -5.113886906357277e-01
2.279820503330757e+00 -9.063128343660057e-02 -4.954535666840837e-01
2.371013323463987e+00 -1.349853808689415e-01 -4.768780838453233e-01
2.462206143597217e+00 -1.775333253657064e-01 -4.558794944278455e-01
2.553398963730448e+00 -2.180646719931170e-01 -4.326909059725249e-01
2.644591783863678e+00 -2.563907900879931e-01 -4.075569022610721e-01
2.735784603996908e+00 -2.923457120472399e-01 -3.807292311789466e-01
2.826977424130138e+00 -3.257865980124468e-01 -3.524627167275142e-01
2.918170244263368e+00 -3.565938429418724e-01 -3.230115224519856e-01
3.009363064396598e+00 -3.846708626286838e-01 -2.926258593776823e-01
3.100555884529828e+00 -4.099436021070708e-01 -2.615491963900549e-01
3.191748704663059e+00 -4.323598136244551e-01 -2.300159975504291e-01
3.282941524796289e+00 -4.518881522035647e-01 -1.982499811607205e-01
3.374134344929519e+00 -4.685171351825380e-01 -1.664628708185984e-01
3.465327165062749e+00 -4.822540085054060e-01 -1.348535899069545e-01
3.556519985195979e+00 -4.931235574739621e-01 -1.036078380309399e-01
3.647712805329209e+00 -5.011668936872274e-01 -7.289798050745054e-02
3.738905625462440e+00 -5.064402434626732e-01 -4.288317948797923e-02
3.830098445595670e+00 -5.090137565638526e-01 -1.370969685784470e-02
3.921291265728900e+00 -5.089703478859919e-01 1.448869614825615e-02
4.012484085862130e+00 -5.064045791313118e-01 4.159026046888963e-02
4.103676905995361e+00 -5.014215826240297e-01 6.748483086986705e-02
4.194869726128591e+00 -4.941360253914597e-01 9.207339686141039e-02
4.286062546261821e+00 -4.846711085375139e-01 1.152677517036984e-01
4.377255366395051e+00 -4.731575947771601e-01 1.369902280351680e-01
4.468448186528281e+00 -4.597328557655848e-01 1.571735287647920e-01
4.559641006661511e+00 -4.445399304927771e-01 1.757606526918563e-01
4.650833826794742e+00 -4.277265864452411e-01 1.927049061210528e-01
4.742026646927972e+00 -4.094443763614909e-01 2.079699847504167e-01
4.833219467061202e+00 -3.898476851083443e-01 2.215301045076785e-01
4.924412287194432e+00 -3.690927633474388e-01 2.333701559368422e-01
5.015605107327662e+00 -3.473367471019860e-01 2.434858542816187e-01
5.106797927460892e+00 -3.247366649229881e-01 2.518838566083657e-01
5.197990747594122e+00 -3.014484369423600e-01 2.585818181253272e-01
5.289183567727353e+00 -2.776258725442802e-01 2.636083621833124e-01
5.380376387860583e+00 -2.534196755549961e-01 2.670029421100956e-01
5.471569207993813e+00 -2.289764676337036e-01 2.688155777952170e-01
5.562762028127043e+00 -2.044378418560922e-01 2.691064555073746e-01
5.653954848260273e+00 -1.799394592596265e-01 2.679453854597328e-01
5.745147668393503e+00 -1.556102013388886e-01 2.654111177899983e-01
5.836340488526734e+00 -1.315713911452414e-01 2.615905235506348e-01
5.927533308659964e+00 -1.079360947924945e-01 2.565776526999721e-01
6.018726128793194e+00 -8.480851386002139e-02 2.504726856888083e-01
6.109918948926424e+00 -6.228347749834127e-02 2.433807988582753e-01
6.201111769059654e+00 -4.044604107498475e-02 2.354109663886116e-01
6.292304589192884e+00 -1.937119605279960e-02 2.266747229289875e-01
6.383497409326115e+00 8.763064291121116e-04 2.172849113335481e-01
6.474690229459345e+00 2.024201800419974e-02 2.073544392297619e-01
6.565883049592575e+00 3.868174338843668e-02 1.969950666022477e-01
6.657075869725805e+00 5.616138230959754e-02 1.863162443706420e-01
6.748268689859035e+00 7.265666851693341e-02 1.754240212704397e-01
6.839461509992265e+00 8.815281277809144e-02 1.644200334060989e-01
6.930654330125495e+00 1.026440579424112e-01 1.534005878159217e-01
7.021847150258726e+00 1.161331550475957e-01 1.424558484227612e-01
7.113039970391956e+00 1.286307700819173e-01 1.316691299662037e-01
7.204232790525186e+00 1.401548314079236e-01 1.211163030086864e-01
7.295425610658416e+00 1.507298280338650e-01 1.108653109340868e-01
7.386618430791646e+00 1.603860689170684e-01 1.009757980356167e-01
7.477811250924876e+00 1.691589133313804e-01 9.149884631698960e-02
7.569004071058107e+00 1.770879820594443e-01 8.247681748295284e-02
7.660196891191337e+00 1.842163588079478e-01 7.394329573421952e-02
7.751389711324567e+00 1.905897908141615e-01 6.592312636104188e-02
7.842582531457797e+00 1.962558971347184e-01 5.843254469950802e-02
7.933775351591027e+00 2.012633925978388e-01 5.147938972674353e-02
8.024968171724257e+00 2.056613348689975e-01 4.506339638176485e-02
8.116160991857488e+00 2.094984015346047e-01 3.917656057075893e-02
8.207353811990718e+00 2.128222035528415e-01 3.380357072006115e-02
8.298546632123948e+00 2.156786408573230e-01 2.892229965642924e-02
8.389739452257178e+00 2.181113053281867e-01 2.450435050971346e-02
8.480932272390408e+00 2.201609357661534e-01 2.051565024215784e-02
8.572125092523638e+00 2.218649289174780e-01 1.691708431167816e-02
8.663317912656868e+00 2.232569100011300e-01 1.366516587838885e-02
8.754510732790099e+00 2.243663655842691e-01 1.071273287230314e-02
8.845703552923329e+00 2.252183410391390e-01 8.009666165134398e-03
8.936896373056559e+00 2.258332041958569e-01 5.503622040626805e-03
9.028089193189789e+00 2.262264761840839e-01 3.140772145500175e-03
9.119282013323019e+00 2.264087298359198e-01 8.665441353002789e-04
9.210474833456249e+00 2.263855554069480e-01 -1.373643687239051e-03
9.301667653589480e+00 2.261575927670420e-01 -3.633660304930346e-03
9.392860473722710e+00 2.257206286224994e-01 -5.965958857337906e-03
9.484053293855940e+00 2.250657567615340e-01 -8.420898564586696e-03
9.575246113989170e+00 2.241795987712118e-01 -1.104609751042401e-02
9.666438934122400e+00 2.230445821603131e-01 -1.388582173435536e-02
9.757631754255630e+00 2.216392723435361e-01 -1.698041568324193e-02
9.848824574388860e+00 2.199387545014519e-01 -2.036577863891674e-02
9.940017394522091e+00 2.179150609303959e-01 -2.407289127939001e-02
1.003121021465532e+01 2.155376391388951e-01 -2.812739605682663e-02
1.012240303478855e+01 2.127738556332282e-01 -3.254923459538763e-02
1.021359585492178e+01 2.095895300644167e-01 -3.735234483526020e-02
1.030478867505501e+01 2.059494941816668e-01 -4.254442018346515e-02
1.039598149518824e+01 2.018181698517451e-01 -4.812673248309624e-02
1.048717431532147e+01 1.971601602582766e-01 -5.409402018375707e-02
1.057836713545470e+01 1.919408482876331e-01 -6.043444268737175e-02
1.066955995558793e+01 1.861269960371942e-01 -6.712960145219125e-02
1.076075277572116e+01 1.796873393460221e-01 -7.415462805722227e-02
1.085194559585439e+01 1.725931712468153e-01 -8.147833904972561e-02
1.094313841598762e+01 1.648189082718765e-01 -8.906345700732295e-02
1.103433123612085e+01 1.563426336164324e-01 -9.686689682904508e-02
1.112552405625408e+01 1.471466112730759e-01 -1.048401158108567e-01
1.121671687638731e+01 1.372177654058420e-01 -1.129295255457794e-01
1.130790969652054e+01 1.265481194372590e-01 -1.210769631037762e-01
1.139910251665377e+01 1.151351895834233e-01 -1.292202182829826e-01
1.149029533678700e+01 1.029823278981108e-01 -1.372936129782345e-01
1.158148815692023e+01 9.009901028452089e-02 -1.452286278889968e-01
1.167268097705346e+01 7.650106540909349e-02 -1.529545708991808e-01
1.176387379718669e+01 6.221084101101235e-02 -1.603992805278957e-01
1.185506661731992e+01 4.725730474613430e-02 -1.674898569044939e-01
1.194625943745315e+01 3.167607743449823e-02 -1.741534118040652e-01
1.203745225758638e+01 1.550939739150900e-02 -1.803178284391506e-01
1.212864507771961e+01 -1.193984595057824e-03 -1.859125209935654e-01
1.221983789785284e+01 -1.837897914136873e-02 -1.908691833606041e-01
1.231103071798607e+01 -3.598439952039838e-02 -1.951225162646235e-01
1.240222353811930e+01 -5.394326782566715e-02 -1.986109219500666e-01
1.249341635825254e+01 -7.218318260633758e-02 -2.012771559530153e-01
1.258460917838577e+01 -9.062674360631827e-02 -2.030689261504139e-01
1.267580199851900e+01 -1.091920283903839e-01 -2.039394303163207e-01
1.276699481865223e+01 -1.277931149006471e-01 -2.038478247877617e-01
1.285818763878546e+01 -1.463406433864262e-01 -2.027596185185946e-01
1.294938045891869e+01 -1.647424107147948e-01 -2.006469887212700e-01
1.304057327905192e+01 -1.829039898169647e-01 -1.974890163882436e-01
1.313176609918515e+01 -2.007293669686920e-01 -1.932718421573804e-01
1.322295891931838e+01 -2.181215897439948e-01 -1.879887451399982e-01
1.331415173945161e+01 -2.349834188143082e-01 -1.816401493639629e-01
1.340534455958484e+01 -2.512179772742089e-01 -1.742335642982386e-01
1.349653737971807e+01 -2.667293918357863e-01 -1.657834674296235e-01
1.358773019985130e+01 -2.814234210148206e-01 -1.563111379819508e-01
1.367892301998453e+01 -2.952080662953691e-01 -1.458444515469779e-01
1.377011584011776e+01 -3.079941631632472e-01 -1.344176456009776e-01
1.386130866025099e+01 -3.196959497993855e-01 -1.220710656018575e-01
1.395250148038422e+01 -3.302316120774382e-01 -1.088509006123556e-01
1.404369430051745e+01 -3.395238042749462e-01 -9.480891621159117e-02
1.413488712065068e+01 -3.475001455466505e-01 -8.000219089582035e-02
1.422607994078391e+01 -3.540936926908919e-01 -6.449286030189640e-02
1.431727276091714e+01 -3.592433900413350e-01 -4.834787149868570e-02
1.440846558105037e+01 -3.628944974205955e-01 -3.163874737658920e-02
1.449965840118360e+01 -3.649989969926739e-01 -1.444135892294600e-02
1.459085122131683e+01 -3.655159795495673e-01 3.164298996638130e-03
1.468204404145006e+01 -3.644120102754785e-01 2.109433472261011e-02
1.477323686158329e+01 -3.616614733702631e-01 3.926119783994362e-02
1.486442968171652e+01 -3.572468941115025e-01 5.757393760819230e-02
1.495562250184975e+01 -3.511592360293965e-01 7.593849211572841e-02
1.504681532198298e+01 -3.433981699054414e-01 9.425801885680882e-02
1.513800814211621e+01 -3.339723103357929e-01 1.124332772050960e-01
1.522920096224944e+01 -3.228994146793834e-01 1.303630723966234e-01
1.532039378238267e+01 -3.102065383984651e-01 1.479447691161074e-01
1.541158660251590e+01 -2.959301401553697e-01 1.650748806067343e-01
1.550277942264913e+01 -2.801161296122759e-01 1.816497364302728e-01
1.559397224278236e+01 -2.628198507442005e-01 1.975662286624842e-01
1.568516506291559e+01 -2.441059936646063e-01 2.127226325278936e-01
1.577635788304882e+01 -2.240484285114981e-01 2.270194934071102e-01
1.586755070318205e+01 -2.027299558678509e-01 2.403605679754519e-01
1.595874352331528e+01 -1.802419694934130e-01 2.526538031715715e-01
1.604993634344851e+01 -1.566840288041008e-01 2.638123329887325e-01
1.614112916358174e+01 -1.321633405067864e-01 2.737554699768830e-01
1.623232198371497e+01 -1.067941510154069e-01 2.824096660789951e-01
1.632351480384820e+01 -8.069705365256102e-02 2.897094162099436e-01
1.641470762398143e+01 -5.399821707559822e-02 2.955980779817743e-01
1.650590044411466e+01 -2.682854374235335e-02 3.000285822803384e-01
1.659709326424789e+01 6.772305712231495e-04 3.029640120190453e-01
1.668828608438112e+01 2.838148328886387e-02 3.043780302611675e-01
1.677947890451435e+01 5.614468317748435e-02 3.042551438485369e-01
1.687067172464758e+01 8.382638470089709e-02 3.025907944558157e-01
1.696186454478081e+01 1.112862227161419e-01 2.993912752942803e-01
1.705305736491404e+01 1.383848917781679e-01 2.946734781627284e-01
1.714425018504727e+01 1.649850950359156e-01 2.884644818155757e-01
1.723544300518050e+01 1.909524489693157e-01 2.808009983327442e-01
1.732663582531373e+01 2.161563319666645e-01 2.717286990169073e-01
1.741782864544696e+01 2.404706668835712e-01 2.613014450598060e-01
1.750902146558019e+01 2.637746301472025e-01 2.495804506403876e-01
1.760021428571342e+01 2.859532825503970e-01 2.366334071627186e-01
1.769140710584665e+01 3.068981194936535e-01 2.225335970198158e-01
1.778259992597988e+01 3.265075409579262e-01 2.073590236714939e-01
1.787379274611311e+01 3.446872438179772e-01 1.911915821087947e-01
1.796498556624634e+01 3.613505411420537e-01 1.741162901532500e-01
1.805617838637957e+01 3.764186147967324e-01 1.562205967449790e-01
1.814737120651280e+01 3.898207089361853e-01 1.375937786589919e-01
1.823856402664603e+01 4.014942727757193e-01 1.183264321972135e-01
1.832975684677927e+01 4.113850614244433e-01 9.851006155782494e-02
1.842094966691250e+01 4.194472034945883e-01 7.823676097743162e-02
1.851214248704573e+01 4.256432437447722e-01 5.759898353485817e-02
1.860333530717896e+01 4.299441681937050e-01 3.668938582226132e-02
1.869452812731219e+01 4.323294180116045e-01 1.560073462057960e-02
1.878572094744542e+01 4.327868971179910e-01 -5.574140676184903e-03
1.887691376757865e+01 4.313129768500777e-01 -2.674236782189553e-02
1.896810658771188e+01 4.279124993818209e-01 -4.781104254368020e-02
1.905929940784511e+01 4.225987798370102e-01 -6.868724951749988e-02
1.915049222797834e+01 4.153936053178096e-01 -8.927811205246400e-02
1.924168504811157e+01 4.063272274291819e-01 -1.094908877962624e-01
1.933287786824480e+01 3.954383433842127e-01 -1.292331258330330e-01
1.942407068837803e+01 3.827740594872919e-01 -1.484128979454269e-01
1.951526350851126e+01 3.683898297692347e-01 -1.669391136067275e-01
1.960645632864449e+01 3.523493618428787e-01 -1.847219245291245e-01
1.969764914877772e+01 3.347244817039383e-01 -2.016732204180144e-01
1.978884196891095e+01 3.155949492542144e-01 -2.177072130952939e-01
1.988003478904418e+01 2.950482167941105e-01 -2.327411015129447e-01
1.997122760917741e+01 2.731791236246712e-01 -2.466958055665888e-01
2.006242042931064e+01 2.500895212039435e-01 -2.594967522461711e-01
2.015361324944387e+01 2.258878249863702e-01 -2.710746937521500e-01
2.024480606957710e+01 2.006884910844725e-01 -2.813665339883840e-01
2.033599888971033e+01 1.746114181561898e-01 -2.903161375326980e-01
2.042719170984356e+01 1.477812773474892e-01 -2.978750939682553e-01
2.051838452997679e+01 1.203267756018973e-01 -3.040034104706962e-01
2.060957735011002e+01 9.237986007045233e-02 -3.086701068606671e-01
2.070077017024325e+01 6.407487359794777e-02 -3.118536899452828e-01
2.079196299037648e+01 3.554767320907771e-02 -3.135424877983450e-01
2.088315581050971e+01 6.934725067783445e-03 -3.137348294979389e-01
2.097434863064294e+01 -2.162780954970880e-02 -3.124390615067951e-01
2.106554145077617e+01 -5.000498220226743e-02 -3.096733980419214e-01
2.115673427090940e+01 -7.806394413187843e-02 -3.054656090945747e-01
2.124792709104263e+01 -1.056747976080848e-01 -2.998525558773016e-01
2.133911991117586e+01 -1.327113985158794e-01 -2.928795890548286e-01
2.143031273130909e+01 -1.590520985583546e-01 -2.845998298645341e-01
2.152150555144232e+01 -1.845804174557137e-01 -2.750733579170529e-01
2.161269837157555e+01 -2.091856378138397e-01 -2.643663319326158e-01
2.170389119170878e+01 -2.327633177933488e-01 -2.525500708430370e-01
2.179508401184201e+01 -2.552157192162323e-01 -2.397001225859887e-01
2.188627683197524e+01 -2.764521511888239e-01 -2.258953466268518e-01
2.197746965210847e+01 -2.963892315951278e-01 -2.112170339163995e-01
2.206866247224170e+01 -3.149510708378012e-01 -1.957480848278626e-01
2.215985529237493e+01 -3.320693839090358e-01 -1.795722618392935e-01
2.225104811250816e+01 -3.476835382149532e-01 -1.627735295695937e-01
2.234224093264139e+01 -3.617405455306545e-01 -1.454354904640136e-01
2.243343375277462e+01 -3.741950070240866e-01 -1.276409201610963e-01
2.252462657290785e+01 -3.850090204680307e-01 -1.094714025313789e-01
2.261581939304108e+01 -3.941520585875959e-01 -9.100706069673735e-02
2.270701221317431e+01 -4.016008270033834e-01 -7.232637711943349e-02
2.279820503330754e+01 -4.073391094733279e-01 -5.350609315801289e-02
2.288939785344077e+01 -4.113576071591074e-01 -3.462117635852256e-02
2.298059067357400e+01 -4.136537774978952e-01 -1.574484219365337e-02
2.307178349370723e+01 -4.142316769990323e-01 3.051384030854469e-03
2.316297631384046e+01 -4.131018109581789e-01 2.169757983818858e-02
2.325416913397369e+01 -4.102809917363037e-01 4.012532749655925e-02
2.334536195410692e+01 -4.057922059317831e-01 5.826761935884499e-02
2.343655477424015e+01 -3.996644895216013e-01 7.605877985346535e-02
2.352774759437338e+01 -3.919328088990434e-01 9.343441602891461e-02
2.361894041450661e+01 -3.826379447233967e-01 1.103314068884619e-01
2.371013323463984e+01 -3.718263746510692e-01 1.266879397893305e-01
2.380132605477307e+01 -3.595501503620914e-01 1.424435999697310e-01
2.389251887490630e+01 -3.458667638515121e-01 1.575395168598822e-01
2.398371169503953e+01 -3.308389977370044e-01 1.719185682887628e-01
2.407490451517276e+01 -3.145347543515613e-01 1.855256410840497e-01
2.416609733530600e+01 -2.970268586464648e-01 1.983079439544238e-01
2.425729015543923e+01 -2.783928304204285e-01 2.102153660253072e-01
2.434848297557246e+01 -2.587146221036300e-01 2.212008720616984e-01
2.443967579570569e+01 -2.380783192395147e-01 2.312209233490122e-01
2.453086861583892e+01 -2.165738018934588e-01 2.402359115075437e-01
2.462206143597215e+01 -1.942943664381100e-01 2.482105912747040e-01
2.471325425610538e+01 -1.713363084756095e-01 2.551144975752106e-01
2.480444707623861e+01 -1.477984690061734e-01 2.609223320678695e-01
2.489563989637184e+01 -1.237817472859611e-01 2.656143048388066e-01
2.498683271650507e+01 -9.938858507861965e-02 2.691764180063168e-01
2.507802553663830e+01 -7.472242813950425e-02 2.716006796814082e-01
2.516921835677153e+01 -4.988717172873403e-02 2.728852389278665e-01
2.526041117690476e+01 -2.498659768548495e-02 2.730344349931836e-01
2.535160399703799e+01 -1.238110774779123e-04 2.720587570182162e-01
2.544279681717122e+01 2.459931535552346e-02 2.699747135412598e-01
2.553398963730445e+01 4.908268082614402e-02 2.668046142432318e-01
2.562518245743768e+01 7.322847241535092e-02 2.625762693858577e-01
2.571637527757091e+01 9.694165012811178e-02 2.573226151339299e-01
2.580756809770414e+01 1.201303947944448e-01 2.510812753032471e-01
2.589876091783737e+01 1.427065135718705e-01 2.438940719401822e-01
2.598995373797060e+01 1.645857990007570e-01 2.358064984495633e-01
2.608114655810383e+01 1.856883388523849e-01 2.268671697101770e-01
2.617233937823706e+01 2.059387753367898e-01 2.171272637501482e-01
2.626353219837029e+01 2.252665135509085e-01 2.066399691267563e-01
2.635472501850352e+01 2.436058802984704e-01 1.954599512221622e-01
2.644591783863675e+01 2.608962355586648e-01 1.836428493037110e-01
2.653711065876998e+01 2.770820398857018e-01 1.712448144943946e-01
2.662830347890321e+01 2.921128818592946e-01 1.583220968521238e-01
2.671949629903644e+01 3.059434703590390e-01 1.449306876627782e-01
2.681068911916967e+01 3.185335968945305e-01 1.311260209037932e-01
2.690188193930290e+01 3.298480734867312e-01 1.169627357154078e-01
2.699307475943613e+01 3.398566516705303e-01 1.024944996966261e-01
2.708426757956936e+01 3.485339280854285e-01 8.777389097969490e-02
2.717546039970259e+01 3.558592418571830e-01 7.285233537358855e-02
2.726665321983582e+01 3.618165685677713e-01 5.778009343324487e-02
2.735784603996905e+01 3.663944150859758e-01 4.260629112459221e-02
2.744903886010228e+01 3.695857189091942e-01 2.737898682305141e-02
2.754023168023551e+01 3.713877549719471e-01 1.214526670439870e-02
2.763142450036874e+01 3.718020521308524e-01 -3.048639845034183e-03
2.772261732050197e+01 3.708343207616036e-01 -1.815723336745183e-02
2.781381014063520e+01 3.684943921217212e-01 -3.313561456272927e-02
2.790500296076843e+01 3.647961693632792e-01 -4.793935991075926e-02
2.799619578090166e+01 3.597575893409449e-01 -6.252441055685254e-02
2.808738860103489e+01 3.534005936697226e-01 -7.684698171471040e-02
2.817858142116812e+01 3.457511068597346e-01 -9.086349905785002e-02
2.826977424130135e+01 3.368390188069249e-01 -1.045305676324447e-01
2.836096706143458e+01 3.266981684621191e-01 -1.178049777475048e-01
2.845215988156781e+01 3.153663251483353e-01 -1.306437510993858e-01
2.854335270170104e+01 3.028851637578469e-01 -1.430042290870270e-01
2.863454552183427e+01 2.893002299444308e-01 -1.548442038963181e-01
2.872573834196750e+01 2.746608914382894e-01 -1.661220915054601e-01
2.881693116210073e+01 2.590202717542178e-01 -1.767971443220607e-01
2.890812398223396e+01 2.424351628372969e-01 -1.868296997458925e-01
2.899931680236719e+01 2.249659135905679e-01 -1.961814596019851e-01
2.909050962250042e+01 2.066762917475257e-01 -2.048157941534199e-01
2.918170244263365e+01 1.876333171762918e-01 -2.126980633296094e-01
2.927289526276688e+01 1.679070654150881e-01 -2.197959469408034e-01
2.936408808290011e+01 1.475704410191113e-01 -2.260797750362728e-01
2.945528090303334e+01 1.266989211224072e-01 -2.315228492387375e-01
2.954647372316657e+01 1.053702704572458e-01 -2.361017458783440e-01
2.963766654329980e+01 8.366422989822615e-02 -2.397965920710004e-01
2.972885936343303e+01 6.166218137857097e-02 -2.425913065391039e-01
2.982005218356626e+01 3.944679273210189e-02 -2.444737979431447e-01
2.991124500369950e+01 1.710164661854582e-02 -2.454361147499772e-01
3.000243782383273e+01 -5.289141832080898e-03 -2.454745421623016e-01
3.009363064396596e+01 -2.764131368766720e-02 -2.445896433154372e-01
3.018482346409919e+01 -4.987085605292860e-02 -2.427862437427755e-01
3.027601628423242e+01 -7.189438792974058e-02 -2.400733599447214e-01
3.036720910436565e+01 -9.362953710807172e-02 -2.364640746893865e-01
3.045840192449888e+01 -1.149953034140281e-01 -2.319753633507896e-01
3.054959474463211e+01 -1.359124041038529e-01 -2.266278770822183e-01
3.064078756476534e+01 -1.563035977803394e-01 -2.204456898693040e-01
3.073198038489857e+01 -1.760939838964617e-01 -2.134560174630862e-01
3.082317320503180e+01 -1.952112756720098e-01 -2.056889168270234e-01
3.091436602516503e+01 -2.135860450524904e-01 -1.971769750288772e-01
3.100555884529826e+01 -2.311519391547473e-01 -1.879549964700237e-01
3.109675166543149e+01 -2.478458684407193e-01 -1.780596969872186e-01
3.118794448556472e+01 -2.636081676116248e-01 -1.675294127141131e-01
3.127913730569795e+01 -2.783827308948824e-01 -1.564038306909698e-01
3.137033012583118e+01 -2.921171239844128e-01 -1.447237471072804e-01
3.146152294596441e+01 -3.047626753752189e-01 -1.325308578036504e-01
3.155271576609764e+01 -3.162745501935416e-01 -1.198675842979240e-01
3.164390858623087e+01 -3.266118098573652e-01 -1.067769371862942e-01
3.173510140636410e+01 -3.357374610059510e-01 -9.330241735002917e-02
3.182629422649733e+01 -3.436184971128196e-01 -7.948795401464587e-02
3.191748704663056e+01 -3.502259360492399e-01 -6.537787739752318e-02
3.200867986676379e+01 -3.555348566028864e-01 -5.101692247287188e-02
3.209987268689702e+01 -3.595244365895655e-01 -3.645025930479247e-02
3.219106550703025e+01 -3.621779947374846e-01 -2.172354446986429e-02
3.228225832716348e+01 -3.634830379877600e-01 -6.882987325966560e-03
3.237345114729671e+01 -3.634313152573229e-01 8.024575703994567e-03
3.246464396742994e+01 -3.620188780676450e-01 2.295160606656659e-02
3.255583678756317e+01 -3.592461477721250e-01 3.784979467151450e-02
3.264702960769640e+01 -3.551179884344868e-01 5.267000759397134e-02
3.273822242782963e+01 -3.496437837386461e-01 6.736225313737915e-02
3.282941524796286e+01 -3.428375156659911e-01 8.187567710490717e-02
3.292060806809609e+01 -3.347178420779727e-01 9.615859251305452e-02
3.301180088822932e+01 -3.253081698093300e-01 1.101585491595753e-01
3.310299370836255e+01 -3.146367194288895e-01 1.238224474344377e-01
3.319418652849578e+01 -3.027365774786315e-01 1.370966995483532e-01
3.328537934862901e+01 -2.896457317742360e-01 1.499274399663343e-01
3.337657216876224e+01 -2.754070852562754e-01 1.622607852995823e-01
3.346776498889547e+01 -2.600684439324911e-01 1.740431422625306e-01
3.355895780902870e+01 -2.436824746564974e-01 1.852215605872199e-01
3.365015062916194e+01 -2.263066288506336e-01 1.957441260577212e-01
3.374134344929517e+01 -2.080030287991394e-01 2.055603871446250e-01
3.383253626942840e+01 -1.888383138050483e-01 2.146218071515593e-01
3.392372908956163e+01 -1.688834443064589e-01 2.228822324037008e-01
3.401492190969486e+01 -1.482134629649501e-01 2.302983658835629e-01
3.410611472982809e+01 -1.269072127442628e-01 2.368302349188316e-01
3.419730754996132e+01 -1.050470130587159e-01 2.424416411083807e-01
3.428850037009455e+01 -8.271829615120066e-02 2.471005806797464e-01
3.437969319022778e+01 -6.000920691984526e-02 2.507796239300895e-01
3.447088601036101e+01 -3.701017040901954e-02 2.534562433173231e-01
3.456207883049424e+01 -1.381343207336512e-02 2.551130811192903e-01
3.465327165062747e+01 9.487423325002350e-03 2.557381493230780e-01
3.474446447076070e+01 3.279796774904711e-02 2.553249564772364e-01
3.483565729089393e+01 5.602343403562229e-02 2.538725585503952e-01
3.492685011102716e+01 7.906922118845282e-02 2.513855332888666e-01
3.501804293116039e+01 1.018413939100853e-01 2.478738800424127e-01
3.510923575129362e+01 1.242471697572595e-01 2.433528494181200e-01
3.520042857142685e+01 1.461953878037622e-01 2.378427093185913e-01
3.529162139156008e+01 1.675969533820863e-01 2.313684558250491e-01
3.538281421169331e+01 1.883652543197089e-01 2.239594789180749e-01
3.547400703182654e+01 2.084165450507067e-01 2.156491941295515e-01
3.556519985195977e+01 2.276702960276282e-01 2.064746518538206e-01
3.565639267209300e+01 2.460495069388408e-01 1.964761362036919e-01
3.574758549222623e+01 2.634809833099323e-01 1.856967649910345e-01
3.583877831235946e+01 2.798955770932992e-01 1.741821016766190e-01
3.592997113249269e+01 2.952283927909256e-01 1.619797890214739e-01
3.602116395262592e+01 3.094189614800023e-01 1.491392127469511e-01
3.611235677275915e+01 3.224113857942064e-01 1.357112018457525e-01
3.620354959289238e+01 3.341544594367673e-01 1.217477703575997e-01
3.629474241302561e+01 3.446017651534147e-01 1.073019035065301e-01
3.638593523315884e+01 3.537117552691972e-01 9.242738916333625e-02
3.647712805329207e+01 3.614478188944641e-01 7.717869371110578e-02
3.656832087342530e+01 3.677783397390157e-01 6.161087961062665e-02
3.665951369355853e+01 3.726767481513042e-01 4.577956033311987e-02
3.675070651369176e+01 3.761215705373060e-01 2.974088688908750e-02
3.684189933382499e+01 3.780964787300921e-01 1.355155896462577e-02
3.693309215395822e+01 3.785903411975310e-01 -2.731147296097738e-03
3.702428497409145e+01 3.775972772151140e-01 -1.904934353365015e-02
3.711547779422468e+01 3.751167143181662e-01 -3.534449454747440e-02
3.720667061435791e+01 3.711534485082806e-01 -5.155739405718908e-02
3.729786343449114e+01 3.657177058489572e-01 -6.762815996572127e-02
3.738905625462437e+01 3.588252032718361e-01 -8.349625780391688e-02
3.748024907475760e+01 3.504972056543811e-01 -9.910056030797794e-02
3.757144189489083e+01 3.407605755489577e-01 -1.143794500646456e-01
3.766263471502406e+01 3.296478113677616e-01 -1.292709708654904e-01
3.775382753515729e+01 3.171970693825109e-01 -1.437130318595119e-01
3.784502035529052e+01 3.034521646045722e-01 -1.576436668102752e-01
3.793621317542375e+01 2.884625454896649e-01 -1.710013487886206e-01
3.802740599555698e+01 2.722832374767591e-01 -1.837253585151947e-01
3.811859881569021e+01 2.549747506334021e-01 -1.957562023716923e-01
3.820979163582344e+01 2.366029471433082e-01 -2.070360739007908e-01
3.830098445595667e+01 2.172388650331156e-01 -2.175093504975648e-01
3.839217727608990e+01 1.969584953821413e-01 -2.271231150523250e-01
3.848337009622313e+01 1.758425112714669e-01 -2.358276906320573e-01
3.857456291635636e+01 1.539759478778494e-01 -2.435771749784659e-01
3.866575573648959e+01 1.314478343666410e-01 -2.503299607401456e-01
3.875694855662282e+01 1.083507795418589e-01 -2.560492270147963e-01
3.884814137675605e+01 8.478051452104728e-02 -2.607033880035752e-01
3.893933419688928e+01 6.083539696460227e-02 -2.642664853958324e-01
3.903052701702251e+01 3.661588255013348e-02 -2.667185125000825e-01
3.912171983715574e+01 1.222397039081364e-02 -2.680456600749361e-01
3.921291265728897e+01 -1.223737009363599e-02 -2.682404762184820e-01
3.930410547742220e+01 -3.666478277177329e-02 -2.673019354438124e-01
3.939529829755543e+01 -6.095511047105187e-02 -2.652354150759603e-01
3.948649111768867e+01 -8.500597430551296e-02 -2.620525802095046e-01
3.957768393782190e+01 -1.087163384949542e-01 -2.577711815176590e-01
3.966887675795513e+01 -1.319870530334029e-01 -2.524147730568688e-01
3.976006957808836e+01 -1.547213673341528e-01 -2.460123597322711e-01
3.985126239822159e+01 -1.768254089584722e-01 -2.385979861661037e-01
3.994245521835482e+01 -1.982086226806888e-01 -2.302102802579922e-01
4.003364803848805e+01 -2.187841664026975e-01 -2.208919656893223e-01
4.012484085862128e+01 -2.384692617516039e-01 -2.106893579832831e-01
4.021603367875451e+01 -2.571854985204701e-01 -1.996518584996372e-01
4.030722649888774e+01 -2.748590933916451e-01 -1.878314599600514e-01
4.039841931902097e+01 -2.914211045675593e-01 -1.752822758312342e-01
4.048961213915420e+01 -3.068076049845459e-01 -1.620601042225475e-01
4.058080495928743e+01 -3.209598176688445e-01 -1.482220349768028e-01
4.067199777942066e+01 -3.338242174869013e-01 -1.338261064469779e-01
4.076319059955389e+01 -3.453526040299645e-01 -1.189310161557151e-01
4.085438341968712e+01 -3.555021506500071e-01 -1.035958872206913e-01
4.094557623982035e+01 -3.642354347323912e-01 -8.788009017956548e-02
4.103676905995358e+01 -3.715204541596072e-01 -7.184311773349657e-02
4.112796188008681e+01 -3.773306346048514e-01 -5.554450800551852e-02
4.121915470022004e+01 -3.816448318138014e-01 -3.904381022388175e-02
4.131034752035327e+01 -3.844473324108426e-01 -2.240058532353316e-02
4.140154034048650e+01 -3.857278560278412e-01 -5.674432833714843e-03
4.149273316061973e+01 -3.854815607266665e-01 1.107496539965193e-02
4.158392598075296e+01 -3.837090527993052e-01 2.778779461392525e-02
4.167511880088619e+01 -3.804164011103510e-01 4.440405979868655e-02
4.176631162101942e+01 -3.756151552246993e-01 6.086355165447536e-02
4.185750444115265e+01 -3.693223656670481e-01 7.710583542489059e-02
4.194869726128588e+01 -3.615606038173860e-01 9.307027144397352e-02
4.203989008141911e+01 -3.523579781853683e-01 1.086960752052079e-01
4.213108290155234e+01 -3.417481431524785e-01 1.239224234441237e-01
4.222227572168557e+01 -3.297702957486691e-01 1.386886111546156e-01
4.231346854181880e+01 -3.164691556619761e-01 1.529342626586771e-01
4.240466136195203e+01 -3.018949234846041e-01 1.665995978586597e-01
4.249585418208526e+01 -2.861032121923485e-01 1.796257526693576e-01
4.258704700221849e+01 -2.691549470461993e-01 1.919551504144966e-01
4.267823982235172e+01 -2.511162294997417e-01 2.035319187499632e-01
4.276943264248495e+01 -2.320581612907738e-01 2.143023445256042e-01
4.286062546261818e+01 -2.120566256798604e-01 2.242153570072605e-01
4.295181828275141e+01 -1.911920237535188e-01 2.332230281430597e-01
4.304301110288464e+01 -1.695489648081768e-01 2.412810771638329e-01
4.313420392301787e+01 -1.472159110377405e-01 2.483493658407524e-01
4.322539674315110e+01 -1.242847780202217e-01 2.543923702546300e-01
4.331658956328433e+01 -1.008504937894820e-01 2.593796150121482e-01
4.340778238341756e+01 -7.701052053520568e-02 2.632860565012146e-01
4.349897520355079e+01 -5.286434414507687e-02 2.660924030082876e-01
4.359016802368402e+01 -2.851293783676283e-02 2.677853612913315e-01
4.368136084381725e+01 -4.058206977166674e-03 2.683578014481466e-01
4.377255366395048e+01 2.039757718675719e-02 2.678088345474298e-01
4.386374648408371e+01 4.475234678711968e-02 2.661438003812540e-01
4.395493930421694e+01 6.890480138204048e-02 2.633741657178030e-01
4.404613212435017e+01 9.275495876055921e-02 2.595173364386299e-01
4.413732494448340e+01 1.162046849158497e-01 2.545963897925324e-01
4.422851776461663e+01 1.391581962846722e-01 2.486397355554132e-01
4.431971058474986e+01 1.615225282541113e-01 2.416807170375884e-01
4.441090340488309e+01 1.832079650140310e-01 2.337571645373984e-01
4.450209622501632e+01 2.041284270372601e-01 2.249109149429386e-01
4.459328904514955e+01 2.242018137472224e-01 2.151873117044640e-01
4.468448186528278e+01 2.433503002314052e-01 2.046346993424156e-01
4.477567468541601e+01 2.615005881272599e-01 1.933039260530229e-01
4.486686750554924e+01 2.785841119975860e-01 1.812478668826424e-01
4.495806032568247e+01 2.945372035840401e-01 1.685209784399146e-01
4.504925314581570e+01 3.093012172466187e-01 1.551788942904725e-01
4.514044596594893e+01 3.228226206387239e-01 1.412780681274438e-01
4.523163878608216e+01 3.350530552153578e-01 1.268754696275953e-01
4.532283160621540e+01 3.459493715182893e-01 1.120283356780565e-01
4.541402442634863e+01 3.554736443266653e-01 9.679397747374509e-02
4.550521724648186e+01 3.635931727114924e-01 8.122964191124320e-02
4.559641006661509e+01 3.702804698004665e-01 6.539242379867549e-02
4.568760288674832e+01 3.755132466632850e-01 4.933922370813419e-02
4.577879570688155e+01 3.792743941878518e-01 3.312674485040303e-02
4.586998852701478e+01 3.815519661582454e-01 1.681152117363439e-02
4.596118134714801e+01 3.823391659911471e-01 4.499679919305664e-04
4.605237416728124e+01 3.816343387647271e-01 -1.590155415668575e-02
4.614356698741447e+01 3.794409693092524e-01 -3.218667203891690e-02
4.623475980754770e+01 3.757676862483840e-01 -4.834893828388116e-02
4.632595262768093e+01 3.706282710104358e-01 -6.433178535420697e-02
4.641714544781416e+01 3.640416699954354e-01 -8.007850377910132e-02
4.650833826794739e+01 3.560320073115746e-01 -9.553225269355824e-02
4.659953108808062e+01 3.466285948075535e-01 -1.106361096669082e-01
4.669072390821385e+01 3.358659355480849e-01 -1.253331655024620e-01
4.678191672834708e+01 3.237837164294557e-01 -1.395666681695563e-01
4.687310954848031e+01 3.104267853292558e-01 -1.532802183182066e-01
4.696430236861354e+01 2.958451080449797e-01 -1.664180169614187e-01
4.705549518874677e+01 2.800937003122047e-01 -1.789251639368774e-01
4.714668800888000e+01 2.632325304118602e-01 -1.907480037338209e-01
4.723788082901323e+01 2.453263882796252e-01 -2.018345132574053e-01
4.732907364914646e+01 2.264447176143091e-01 -2.121347241748207e-01
4.742026646927969e+01 2.066614082348441e-01 -2.216011707235749e-01
4.751145928941292e+01 1.860545468385715e-01 -2.301893523437223e-01
4.760265210954615e+01 1.647061253408485e-01 -2.378581993013061e-01
4.769384492967938e+01 1.427017070947307e-01 -2.445705286716620e-01
4.778503774981261e+01 1.201300524606798e-01 -2.502934777078201e-01
4.787623056994584e+01 9.708270637633944e-02 -2.549989017726022e-01
4.796742339007907e+01 7.365355171904987e-02 -2.586637246825485e-01
4.805861621021230e+01 4.993833331194335e-02 -2.612702304912599e-01
4.814980903034553e+01 2.603415835299298e-02 -2.628062873955927e-01
4.824100185047876e+01 2.038979804400184e-03 -2.632654965197423e-01
4.833219467061199e+01 -2.194893016699196e-02 -2.626472607342134e-01
4.842338749074522e+01 -4.583150928442110e-02 -2.609567712932113e-01
4.851458031087845e+01 -6.951142929930959e-02 -2.582049128050453e-01
4.860577313101168e+01 -9.289260785208237e-02 -2.544080897587604e-01
4.869696595114491e+01 -1.158807011472979e-01 -2.495879803906016e-01
4.878815877127814e+01 -1.383835711691991e-01 -2.437712259693244e-01
4.887935159141137e+01 -1.603117219916489e-01 -2.369890655093322e-01
4.897054441154460e+01 -1.815787007205319e-01 -2.292769274067259e-01
4.906173723167783e+01 -2.021014597040120e-01 -2.206739904831627e-01
4.915293005181106e+01 -2.218006778099316e-01 -2.112227273914006e-01
4.924412287194429e+01 -2.406010397525777e-01 -2.009684432875818e-01
4.933531569207752e+01 -2.584314736069019e-01 -1.899588221371226e-01
4.942650851221075e+01 -2.752253477345834e-01 -1.782434920435873e-01
4.951770133234398e+01 -2.909206293259479e-01 -1.658736196398765e-01
4.960889415247721e+01 -3.054600076042023e-01 -1.529015419364613e-01
4.970008697261044e+01 -3.187909854206630e-01 -1.393804421659177e-01
4.979127979274367e+01 -3.308659434762601e-01 -1.253640741808951e-01
4.988247261287690e+01 -3.416421817277532e-01 -1.109065379342807e-01
4.997366543301013e+01 -3.510819426759769e-01 -9.606210656884920e-02

