# omega0=1, alpha=0.25
# theta0=0.5, theta_dot0=0
# t_start=0, t_end=50, h=0.00911928
#   t          x(t)                 v(t)       
0  5.000000000000000e-01  0.000000000000000e+00
9.119282013323059e-02 4.980227820256796e-01 -4.317298730483130e-02
1.823856402664613e-01 4.921649407672437e-01 -8.506101615167178e-02
2.735784603996920e-01 4.825563227654995e-01 -1.253885738235200e-01
3.647712805329227e-01 4.693512670371138e-01 -1.638940391112762e-01
4.559641006661534e-01 4.527273269743613e-01 -2.003299838944909e-01
5.471569207993838e-01 4.328839491611285e-01 -2.344638244864507e-01
6.383497409326140e-01 4.100410755673279e-01 -2.660788526315957e-01
7.295425610658441e-01 3.844376345369424e-01 -2.949756392415127e-01
8.207353811990743e-01 3.563298882623596e-01 -3.209737681610014e-01
9.119282013323045e-01 3.259896098602312e-01 -3.439138244050650e-01
1.003121021465535e+00 2.937020713716125e-01 -3.636595334165492e-01
1.094313841598765e+00 2.597638344588759e-01 -3.800999269225493e-01
1.185506661731995e+00 2.244803475521409e-01 -3.931513986248129e-01
1.276699481865225e+00 1.881633658612279e-01 -4.027595104758706e-01
1.367892301998455e+00 1.511282230859678e-01 -4.089004182017557e-01
1.459085122131685e+00 1.136909948883534e-01 -4.115818027058324e-01
1.550277942264916e+00 7.616560336696759e-02 -4.108432207696422e-01
1.641470762398146e+00 3.886091818514407e-02 -4.067558219266830e-01
1.732663582531376e+00 2.077913164551545e-03 -3.994214157074235e-01
1.823856402664606e+00 -3.389306314222313e-02 -3.889709114292598e-01
1.915049222797836e+00 -6.877484805350573e-02 -3.755621880909758e-01
2.006242042931067e+00 -1.023058083514996e-01 -3.593774818210968e-01
2.097434863064297e+00 -1.342419277329111e-01 -3.406204004722062e-01
2.188627683197527e+00 -1.643586096436833e-01 -3.195126879737059e-01
2.279820503330757e+00 -1.924521784365229e-01 -2.962908645475314e-01
2.371013323463987e+00 -2.183410731028120e-01 -2.712028633790702e-01
2.462206143597217e+00 -2.418667382772158e-01 -2.445047711217066e-01
2.553398963730448e+00 -2.628942261727816e-01 -2.164577605509104e-01
2.644591783863678e+00 -2.813125301396696e-01 -1.873252809138946e-01
2.735784603996908e+00 -2.970346754136184e-01 -1.573705472201931e-01
2.826977424130138e+00 -3.099975952844504e-01 -1.268543458870393e-01
2.918170244263368e+00 -3.201618214922842e-01 -9.603315246354162e-02
3.009363064396598e+00 -3.275110164057254e-01 -6.515753886937166e-02
3.100555884529828e+00 -3.320513718031658e-01 -3.447083352067891e-02
3.191748704663059e+00 -3.338108952724450e-01 -4.207988288559908e-03
3.282941524796289e+00 -3.328386007930390e-01 2.540539850587262e-02
3.374134344929519e+00 -3.292036153869014e-01 5.415395415262625e-02
3.465327165062749e+00 -3.229942092046560e-01 8.183334608036895e-02
3.556519985195979e+00 -3.143167523883550e-01 1.082510792251945e-01
3.647712805329209e+00 -3.032945987932716e-01 1.332273069651608e-01
3.738905625462440e+00 -2.900668943611521e-01 1.565956748892260e-01
3.830098445595670e+00 -2.747873067421833e-01 1.782042042560454e-01
3.921291265728900e+00 -2.576226727107453e-01 1.979162094861608e-01
4.012484085862130e+00 -2.387515609813330e-01 2.156112322585553e-01
4.103676905995361e+00 -2.183627501021469e-01 2.311859645324501e-01
4.194869726128591e+00 -1.966536240136721e-01 2.445551247757437e-01
4.286062546261821e+00 -1.738284913802091e-01 2.556522464025416e-01
4.377255366395051e+00 -1.500968386636866e-01 2.644303352728960e-01
4.468448186528281e+00 -1.256715308170759e-01 2.708623542406658e-01
4.559641006661511e+00 -1.007669771321253e-01 2.749414970635993e-01
4.650833826794742e+00 -7.559728290474839e-02 2.766812211839843e-01
4.742026646927972e+00 -5.037440994351871e-02 2.761150183958033e-01
4.833219467061202e+00 -2.530637036365046e-02 2.732959135018712e-01
4.924412287194432e+00 -5.954784747029223e-04 2.682956928807906e-01
5.015605107327662e+00 2.356331514075264e-02 2.612038765365277e-01
5.106797927460892e+00 4.698398499377666e-02 2.521264578413840e-01
5.197990747594122e+00 6.949086776611051e-02 2.411844440716392e-01
5.289183567727353e+00 9.091995870045669e-02 2.285122374190720e-01
5.380376387860583e+00 1.111200547262626e-01 2.142559001062236e-01
5.471569207993813e+00 1.299537357974724e-01 1.985713484400888e-01
5.562762028127043e+00 1.472981799621995e-01 1.816225192362205e-01
5.653954848260273e+00 1.630458114925283e-01 1.635795483570011e-01
5.745147668393503e+00 1.771047847878798e-01 1.446169956065328e-01
5.836340488526734e+00 1.893993095875111e-01 1.249121434752532e-01
5.927533308659964e+00 1.998698252002503e-01 1.046433898300452e-01
6.018726128793194e+00 2.084730329502868e-01 8.398874718265806e-02
6.109918948926424e+00 2.151817968651091e-01 6.312445416194733e-02
6.201111769059654e+00 2.199849228574120e-01 4.222369869231465e-02
6.292304589192884e+00 2.228868263729353e-01 2.145544745849005e-02
6.383497409326115e+00 2.239070978101717e-01 9.833727127505137e-04
6.474690229459345e+00 2.230799740977089e-01 -1.903513456520001e-02
6.565883049592575e+00 2.204537237749462e-01 -3.844987674108540e-02
6.657075869725805e+00 2.160899518894097e-01 -5.711869768391955e-02
6.748268689859035e+00 2.100628301115436e-01 -7.490827599700889e-02
6.839461509992265e+00 2.024582567675611e-01 -9.169486957020509e-02
6.930654330125495e+00 1.933729510693973e-01 -1.073650143787946e-01
7.021847150258726e+00 1.829134857170288e-01 -1.218161768609434e-01
7.113039970391956e+00 1.711952622727843e-01 -1.349573556532552e-01
7.204232790525186e+00 1.583414342424444e-01 -1.467096252463944e-01
7.295425610658416e+00 1.444817836012676e-01 -1.570066114983281e-01
7.386618430791646e+00 1.297515575105608e-01 -1.657948871197269e-01
7.477811250924876e+00 1.142902731018157e-01 -1.730342743698148e-01
7.569004071058107e+00 9.824049937048382e-02 -1.786980423452363e-01
7.660196891191337e+00 8.174662632661564e-02 -1.827729874072050e-01
7.751389711324567e+00 6.495363250492864e-02 -1.852593873963136e-01
7.842582531457797e+00 4.800586266268815e-02 -1.861708231847246e-01
7.933775351591027e+00 3.104582792628258e-02 -1.855338646106378e-01
8.024968171724257e+00 1.421304074306779e-02 -1.833876216889846e-01
8.116160991857488e+00 -2.357103266512253e-03 -1.797831659345321e-01
8.207353811990718e+00 -1.853438507693186e-02 -1.747828304096917e-01
8.298546632123948e+00 -3.419475310916404e-02 -1.684594004819993e-01
8.389739452257178e+00 -4.922123585380513e-02 -1.608952100480614e-01
8.480932272390408e+00 -6.350476839791898e-02 -1.521811600079377e-01
8.572125092523638e+00 -7.694492657953549e-02 -1.424156769745776e-01
8.663317912656868e+00 -8.945056415639434e-02 -1.317036305594949e-01
8.754510732790099e+00 -1.009403500336494e-01 -1.201552271319020e-01
8.845703552923329e+00 -1.113432041798746e-01 -1.078848968004264e-01
8.936896373056559e+00 -1.205986323136319e-01 -9.501018865170727e-02
9.028089193189789e+00 -1.286569607197340e-01 -8.165068716278669e-02
9.119282013323019e+00 -1.354794736264413e-01 -6.792696036041179e-02
9.210474833456249e+00 -1.410384564295262e-01 -5.395954790393916e-02
9.301667653589480e+00 -1.453171486890154e-01 -3.986799497849117e-02
9.392860473722710e+00 -1.483096112655302e-01 -2.576993583561253e-02
9.484053293855940e+00 -1.500205122323617e-01 -1.178022911243990e-02
9.575246113989170e+00 -1.504648363313705e-01 1.989854235807633e-03
9.666438934122400e+00 -1.496675227745203e-01 1.543339041121785e-02
9.757631754255630e+00 -1.476630361685286e-01 2.844851009846725e-02
9.848824574388860e+00 -1.444948752959739e-01 4.093905410415329e-02
9.940017394522091e+00 -1.402150244559167e-01 5.281517746059945e-02
1.003121021465532e+01 -1.348833520776490e-01 6.399390157757846e-02
1.012240303478855e+01 -1.285669613914074e-01 7.439961330057090e-02
1.021359585492178e+01 -1.213394980795680e-01 8.396450895230721e-02
1.030478867505501e+01 -1.132804200416490e-01 9.262898069443556e-02
1.039598149518824e+01 -1.044742346783168e-01 1.003419419387242e-01
1.048717431532147e+01 -9.500970941787089e-02 1.070610881383918e-01
1.057836713545470e+01 -8.497906155155231e-02 1.127530891570346e-01
1.066955995558793e+01 -7.447713378551880e-02 1.173937095798966e-01
1.076075277572116e+01 -6.360056222937295e-02 1.209678538105599e-01
1.085194559585439e+01 -5.244694379578992e-02 1.234695335721593e-01
1.094313841598762e+01 -4.111401015738836e-02 1.249017564702831e-01
1.103433123612085e+01 -2.969881547398552e-02 1.252763355202021e-01
1.112552405625408e+01 -1.829694504992025e-02 1.246136209249794e-01
1.121671687638731e+01 -7.001751898088172e-03 1.229421568356184e-01
1.130790969652054e+01 4.096372127145523e-03 1.202982672491978e-01
1.139910251665377e+01 1.491068440653862e-02 1.167255765287260e-01
1.149029533678700e+01 2.535873317501701e-02 1.122744711908244e-01
1.158148815692023e+01 3.536294766699211e-02 1.070015105492818e-01
1.167268097705346e+01 4.485117249696111e-02 1.009687944856264e-01
1.176387379718669e+01 5.375714275925526e-02 9.424329702219857e-02
1.185506661731992e+01 6.202089712969953e-02 8.689617449750114e-02
1.194625943745315e+01 6.958912704996760e-02 7.900205700408935e-02
1.203745225758638e+01 7.641546084982068e-02 7.063833137715363e-02
1.212864507771961e+01 8.246068239387844e-02 6.188442346009124e-02
1.221983789785284e+01 8.769288451303825e-02 5.282108667219335e-02
1.231103071798607e+01 9.208755808587539e-02 4.352970311692831e-02
1.240222353811930e+01 9.562761816697078e-02 3.409160265030736e-02
1.249341635825254e+01 9.830336901644252e-02 2.458740452624894e-02
1.258460917838577e+01 1.001124102714548e-01 1.509638549112071e-02
1.267580199851900e+01 1.010594868229473e-01 5.695877544587450e-03
1.276699481865223e+01 1.011562852284928e-01 -3.539301960480450e-03
1.285818763878546e+01 1.004211797156681e-01 -1.253738563028689e-02
1.294938045891869e+01 9.887893102061875e-02 -2.123015481066272e-02
1.304057327905192e+01 9.656034147404075e-02 -2.955340008863149e-02
1.313176609918515e+01 9.350186990065006e-02 -3.744734187528688e-02
1.322295891931838e+01 8.974521004537132e-02 -4.485700947380379e-02
1.331415173945161e+01 8.533683638451128e-02 -5.173257704457628e-02
1.340534455958484e+01 8.032752132494497e-02 -5.802965488214814e-02
1.349653737971807e+01 7.477182793801454e-02 -6.370953444443947e-02
1.358773019985130e+01 6.872758251411895e-02 -6.873938564910002e-02
1.367892301998453e+01 6.225533135347361e-02 -7.309240509484122e-02
1.377011584011776e+01 5.541778632129329e-02 -7.674791409105781e-02
1.386130866025099e+01 4.827926378383485e-02 -7.969140569341902e-02
1.395250148038422e+01 4.090512159720725e-02 -8.191454034533124e-02
1.404369430051745e+01 3.336119883593187e-02 -8.341509020696640e-02
1.413488712065068e+01 2.571326291628398e-02 -8.419683280020916e-02
1.422607994078391e+01 1.802646868542446e-02 -8.426939518952199e-02
1.431727276091714e+01 1.036483390818635e-02 -8.364805053188855e-02
1.440846558105037e+01 2.790735388298669e-03 -8.235346943836500e-02
1.449965840118360e+01 -4.635570288684094e-03 -8.041142917004253e-02
1.459085122131683e+01 -1.185639770367648e-02 -7.785248421884586e-02
1.468204404145006e+01 -1.881705190163703e-02 -7.471160227828245e-02
1.477323686158329e+01 -2.546621307912667e-02 -7.102776997523182e-02
1.486442968171652e+01 -3.175628411411011e-02 -6.684357300065522e-02
1.495562250184975e+01 -3.764369882142051e-02 -6.220475543995010e-02
1.504681532198298e+01 -4.308918925859221e-02 -5.715976316346428e-02
1.513800814211621e+01 -4.805801084901843e-02 -5.175927610052671e-02
1.522920096224944e+01 -5.252012452421947e-02 -4.605573409677295e-02
1.532039378238267e+01 -5.645033550714354e-02 -4.010286085844800e-02
1.541158660251590e+01 -5.982838875797692e-02 -3.395519023484980e-02
1.550277942264913e+01 -6.263902147853906e-02 -2.766759879814768e-02
1.559397224278236e+01 -6.487197341815874e-02 -2.129484836520671e-02
1.568516506291559e+01 -6.652195604161573e-02 -1.489114178413581e-02
1.577635788304882e+01 -6.758858190823896e-02 -8.509694992159778e-03
1.586755070318205e+01 -6.807625587159577e-02 -2.202328051287592e-03
1.595874352331528e+01 -6.799402994318451e-02 3.980922408986372e-03
1.604993634344851e+01 -6.735542387342808e-02 9.992167163564407e-03
1.614112916358174e+01 -6.617821369149833e-02 1.578600282406862e-02
1.623232198371497e+01 -6.448419061440690e-02 2.131982297776859e-02
1.632351480384820e+01 -6.229889288734303e-02 2.655410046067404e-02
1.641470762398143e+01 -5.965131325285605e-02 3.145263936154737e-02
1.650590044411466e+01 -5.657358486693462e-02 3.598279551821873e-02
1.659709326424789e+01 -5.310064858538678e-02 4.011566443544927e-02
1.668828608438112e+01 -4.926990463354331e-02 4.382623573192966e-02
1.677947890451435e+01 -4.512085174494838e-02 4.709351341886701e-02
1.687067172464758e+01 -4.069471690864566e-02 4.990060152834313e-02
1.696186454478081e+01 -3.603407889789472e-02 5.223475484849541e-02
1.705305736491404e+01 -3.118248876353003e-02 5.408739478460829e-02
1.714425018504727e+01 -2.618409046067684e-02 5.545409064818550e-02
1.723544300518050e+01 -2.108324473643571e-02 5.633450697569244e-02
1.732663582531373e+01 -1.592415933718826e-02 5.673231778882521e-02
1.741782864544696e+01 -1.075052849673083e-02 5.665508902144910e-02
1.750902146558019e+01 -5.605184540596363e-03 5.611413064648888e-02
1.760021428571342e+01 -5.297642885385977e-04 5.512432033050862e-02
1.769140710584665e+01 4.435607242145926e-03 5.370390071622268e-02
1.778259992597988e+01 9.252613532642265e-03 5.187425267625567e-02
1.787379274611311e+01 1.388502158161349e-02 4.965964708885993e-02
1.796498556624634e+01 1.829893341133625e-02 4.708697785329614e-02
1.805617838637957e+01 2.246301247895244e-02 4.418547898624227e-02
1.814737120651280e+01 2.634868367387514e-02 4.098642871980405e-02
1.823856402664603e+01 2.993030585066429e-02 3.752284355713739e-02
1.832975684677927e+01 3.318531611628222e-02 3.382916523566119e-02
1.842094966691250e+01 3.609434535792790e-02 2.994094350400745e-02
1.851214248704573e+01 3.864130475939302e-02 2.589451754192670e-02
1.860333530717896e+01 4.081344330730440e-02 2.172669874771285e-02
1.869452812731219e+01 4.260137653144606e-02 1.747445749098498e-02
1.878572094744542e+01 4.399908695383283e-02 1.317461628543657e-02
1.887691376757865e+01 4.500389693807075e-02 8.863551681599149e-03
1.896810658771188e+01 4.561641483296412e-02 4.576907018262518e-03
1.905929940784511e+01 4.584045549186586e-02 3.493180065778381e-04
1.915049222797834e+01 4.568293642174955e-02 -3.785847044291565e-03
1.924168504811157e+01 4.515375097344537e-02 -7.796730715148061e-03
1.933287786824480e+01 4.426562012706794e-02 -1.165321219573920e-02
1.942407068837803e+01 4.303392455454148e-02 -1.532711391256632e-02
1.951526350851126e+01 4.147651875442614e-02 -1.879238790281771e-02
1.960645632864449e+01 3.961352915300510e-02 -2.202528093140443e-02
1.969764914877772e+01 3.746713814972361e-02 -2.500447750939193e-02
1.978884196891095e+01 3.506135615436202e-02 -2.771122013647887e-02
1.988003478904418e+01 3.242178371744351e-02 -3.012940625876206e-02
1.997122760917741e+01 2.957536589389652e-02 -3.224566160663283e-02
2.006242042931064e+01 2.655014100243883e-02 -3.404938975652231e-02
2.015361324944387e+01 2.337498594905801e-02 -3.553279794397672e-02
2.024480606957710e+01 2.007936027192506e-02 -3.669089934316280e-02
2.033599888971033e+01 1.669305103681750e-02 -3.752149221770955e-02
2.042719170984356e+01 1.324592066654119e-02 -3.802511653754698e-02
2.051838452997679e+01 9.767659725052022e-03 -3.820498884342172e-02
2.060957735011002e+01 6.287546597373916e-03 -3.806691632205609e-02
2.070077017024325e+01 2.834215910652326e-03 -3.761919122734208e-02
2.079196299037648e+01 -5.645625692755822e-04 -3.687246694342249e-02
2.088315581050971e+01 -3.882092956347459e-03 -3.583961713111034e-02
2.097434863064294e+01 -7.092948705768271e-03 -3.453557952728786e-02
2.106554145077617e+01 -1.017315319476942e-02 -3.297718607563700e-02
2.115673427090940e+01 -1.310034425609259e-02 -3.118298115478031e-02
2.124792709104263e+01 -1.585392166188087e-02 -2.917302973576672e-02
2.133911991117586e+01 -1.841517672488065e-02 -2.696871734456678e-02
2.143031273130909e+01 -2.076740335606861e-02 -2.459254372719361e-02
2.152150555144232e+01 -2.289599009106982e-02 -2.206791211613325e-02
2.161269837157555e+01 -2.478849277017999e-02 -1.941891597830385e-02
2.170389119170878e+01 -2.643468772674069e-02 -1.667012508847059e-02
2.179508401184201e+01 -2.782660550450315e-02 -1.384637271986242e-02
2.188627683197524e+01 -2.895854528509790e-02 -1.097254567772163e-02
2.197746965210847e+01 -2.982707036063648e-02 -8.073378823726635e-03
2.206866247224170e+01 -3.043098513282494e-02 -5.173255651624476e-03
2.215985529237493e+01 -3.077129425795458e-02 -2.296016378777101e-03
2.225104811250816e+01 -3.085114468609427e-02 5.352250837810963e-04
2.234224093264139e+01 -3.067575146221031e-02 3.298254027472034e-03
2.243343375277462e+01 -3.025230826636079e-02 5.971916564654006e-03
2.252462657290785e+01 -2.958988376920616e-02 8.536268940500618e-03
2.261581939304108e+01 -2.869930496756156e-02 1.097271362708695e-02
2.270701221317431e+01 -2.759302874234461e-02 1.326412140876431e-02
2.279820503330754e+01 -2.628500294782800e-02 1.539493879043410e-02
2.288939785344077e+01 -2.479051839639301e-02 1.735128018490588e-02
2.298059067357400e+01 -2.312605314682205e-02 1.912100446191509e-02
2.307178349370723e+01 -2.130911053641256e-02 2.069377556927630e-02
2.316297631384046e+01 -1.935805241772224e-02 2.206110706563007e-02
2.325416913397369e+01 -1.729192906949339e-02 2.321639053372108e-02
2.334536195410692e+01 -1.513030724823937e-02 2.415490797236404e-02
2.343655477424015e+01 -1.289309783217453e-02 2.487382839328020e-02
2.352774759437338e+01 -1.060038448278758e-02 2.537218897473094e-02
2.361894041450661e+01 -8.272254711659696e-03 2.565086124611576e-02
2.371013323463984e+01 -5.928634691492241e-03 2.571250289513196e-02
2.380132605477307e+01 -3.589129091233737e-03 2.556149590036752e-02
2.389251887490630e+01 -1.272867146304840e-03 2.520387179598607e-02
2.398371169503953e+01 1.001643903045974e-03 2.464722497020452e-02
2.407490451517276e+01 3.216656958413939e-03 2.390061498442252e-02
2.416609733530600e+01 5.355313841562888e-03 2.297445897416881e-02
2.425729015543923e+01 7.401763850749206e-03 2.188041525571499e-02
2.434848297557246e+01 9.341271346275354e-03 2.063125931273386e-02
2.443967579570569e+01 1.116031172542924e-02 1.924075337544721e-02
2.453086861583892e+01 1.284665525879170e-02 1.772351083025705e-02
2.462206143597215e+01 1.438943837348513e-02 1.609485671105439e-02
2.471325425610538e+01 1.577922208318111e-02 1.437068552462523e-02
2.480444707623861e+01 1.700803737851621e-02 1.256731765237684e-02
2.489563989637184e+01 1.806941750397111e-02 1.070135554968276e-02
2.498683271650507e+01 1.895841715730765e-02 8.789540933288060e-03
2.507802553663830e+01 1.967161875446266e-02 6.848614107289269e-03
2.516921835677153e+01 2.020712600558157e-02 4.895176530095779e-03
2.526041117690476e+01 2.056454514593258e-02 2.945557669377871e-03
2.535160399703799e+01 2.074495425814712e-02 1.015687130167808e-03
2.544279681717122e+01 2.075086120903661e-02 -8.790270261859294e-04
2.553398963730445e+01 2.058615080465856e-02 -2.723812926855923e-03
2.562518245743768e+01 2.025602184093509e-02 -4.504641727345929e-03
2.571637527757091e+01 1.976691479361027e-02 -6.208325957558159e-03
2.580756809770414e+01 1.912643095037001e-02 -7.822608768497535e-03
2.589876091783737e+01 1.834324383929285e-02 -9.336243559546506e-03
2.598995373797060e+01 1.742700385124883e-02 -1.073906355374527e-02
2.608114655810383e+01 1.638823698926431e-02 -1.202204097745847e-02
2.617233937823706e+01 1.523823870511296e-02 -1.317733559068980e-02
2.626353219837029e+01 1.398896380241655e-02 -1.419833240458893e-02
2.635472501850352e+01 1.265291339633266e-02 -1.507966851281746e-02
2.644591783863675e+01 1.124301992251096e-02 -1.581724905280424e-02
2.653711065876998e+01 9.772531182513785e-03 -1.640825240088674e-02
2.662830347890321e+01 8.254894399477993e-03 -1.685112479123637e-02
2.671949629903644e+01 6.703641236663100e-03 -1.714556463160526e-02
2.681068911916967e+01 5.132274702969913e-03 -1.729249686860456e-02
2.690188193930290e+01 3.554158833872305e-03 -1.729403783072500e-02
2.699307475943613e+01 1.982411993894376e-03 -1.715345104795795e-02
2.708426757956936e+01 4.298045982582402e-04 -1.687509461202544e-02
2.717546039970259e+01 -1.091338002847351e-03 -1.646436070029462e-02
2.726665321983582e+01 -2.569226793191753e-03 -1.592760793892279e-02
2.735784603996905e+01 -3.992693892166711e-03 -1.527208732622839e-02
2.744903886010228e+01 -5.351270336280007e-03 -1.450586247538168e-02
2.754023168023551e+01 -6.635256358242142e-03 -1.363772496603371e-02
2.763142450036874e+01 -7.835783754517026e-03 -1.267710561733487e-02
2.772261732050197e+01 -8.944870007045563e-03 -1.163398250992434e-02
2.781381014063520e+01 -9.955463900720439e-03 -1.051878659198590e-02
2.790500296076843e+01 -1.086148245440441e-02 -9.342305704546673e-03
2.799619578090166e+01 -1.165783905917645e-02 -8.115587854102605e-03
2.808738860103489e+01 -1.234046279242069e-02 -6.849844546721272e-03
2.817858142116812e+01 -1.290630894973558e-02 -5.556354977383506e-03
2.826977424130135e+01 -1.335336090786568e-02 -4.246371841910069e-03
2.836096706143458e+01 -1.368062350041717e-02 -2.931029506836113e-03
2.845215988156781e+01 -1.388810815352439e-02 -1.621255235521022e-03
2.854335270170104e+01 -1.397681009044596e-02 -3.276841270999218e-04
2.863454552183427e+01 -1.394867797188819e-02 9.394216209178958e-04
2.872573834196750e+01 -1.380657639232605e-02 2.170248565036404e-03
2.881693116210073e+01 -1.355424170140830e-02 3.355502474378187e-03
2.890812398223396e+01 -1.319623166342740e-02 4.486472942032803e-03
2.899931680236719e+01 -1.273786950658029e-02 5.555091753200247e-03
2.909050962250042e+01 -1.218518294716145e-02 6.553984673488451e-03
2.918170244263365e+01 -1.154483880177258e-02 7.476516381360702e-03
2.927289526276688e+01 -1.082407382300286e-02 8.316828330246667e-03
2.936408808290011e+01 -1.003062241077003e-02 9.069869387779903e-03
2.945528090303334e+01 -9.172641862597409e-03 9.731419161553066e-03
2.954647372316657e+01 -8.258635831557577e-03 1.029810398223432e-02
2.963766654329980e+01 -7.297376660503715e-03 1.076740557540835e-02
2.972885936343303e+01 -6.297827255641326e-03 1.113766251263540e-02
2.982005218356626e+01 -5.269063151612722e-03 1.140806458950984e-02
2.991124500369950e+01 -4.220195404263295e-03 1.157864033350032e-02
3.000243782383273e+01 -3.160294926360013e-03 1.165023789663743e-02
3.009363064396596e+01 -2.098318856005913e-03 1.162449963727051e-02
3.018482346409919e+01 -1.043039517642076e-03 1.150383074076182e-02
3.027601628423242e+01 -2.976501687314609e-06 1.129136227077274e-02
3.036720910436565e+01 1.013667648598399e-03 1.099090908041522e-02
3.045840192449888e+01 1.999067695135041e-03 1.060692304572806e-02
3.054959474463211e+01 2.945831503546807e-03 1.014444211247704e-02
3.064078756476534e+01 3.847051023702836e-03 9.609035671010542e-03
3.073198038489857e+01 4.696348141623194e-03 9.006746792719419e-03
3.082317320503180e+01 5.487915141424055e-03 8.344031875501749e-03
3.091436602516503e+01 6.216549566337918e-03 7.627698254520103e-03
3.100555884529826e+01 6.877683318792399e-03 6.864840338515890e-03
3.109675166543149e+01 7.467405890621382e-03 6.062774831113436e-03
3.118794448556472e+01 7.982481665282820e-03 5.228975591051686e-03
3.127913730569795e+01 8.420361284051088e-03 4.371008675308824e-03
3.137033012583118e+01 8.779187117140186e-03 3.496468094853373e-03
3.146152294596441e+01 9.057792928219496e-03 2.612912794512112e-03
3.155271576609764e+01 9.255697866453187e-03 1.727805346461764e-03
3.164390858623087e+01 9.373094963699109e-03 8.484528214177800e-04
3.173510140636410e+01 9.410834355542949e-03 -1.804972698541451e-05
3.182629422649733e+01 9.370401483145423e-03 -8.648727605369333e-04
3.191748704663056e+01 9.253890568201511e-03 -1.685502367343429e-03
3.200867986676379e+01 9.063973685437252e-03 -2.473786651194431e-03
3.209987268689702e+01 8.803865785818519e-03 -3.223978103253807e-03
3.219106550703025e+01 8.477286048864068e-03 -3.930771699375721e-03
3.228225832716348e+01 8.088415964020242e-03 -4.589338506959694e-03
3.237345114729671e+01 7.641854558875174e-03 -5.195354626711930e-03
3.246464396742994e+01 7.142571206005139e-03 -5.745025336633669e-03
3.255583678756317e+01 6.595856450424566e-03 -6.235104347678345e-03
3.264702960769640e+01 6.007271305953855e-03 -6.662908122477182e-03
3.273822242782963e+01 5.382595471355429e-03 -7.026325250001639e-03
3.282941524796286e+01 4.727774915877427e-03 -7.323820909690771e-03
3.292060806809609e+01 4.048869278974505e-03 -7.554436498110956e-03
3.301180088822932e+01 3.351999520561928e-03 -7.717784529333685e-03
3.310299370836255e+01 2.643296246345662e-03 -7.814038956627254e-03
3.319418652849578e+01 1.928849117725488e-03 -7.843921097489092e-03
3.328537934862901e+01 1.214657737682594e-03 -7.808681376245611e-03
3.337657216876224e+01 5.065843831516164e-04 -7.710077128185834e-03
3.346776498889547e+01 -1.896910691263150e-04 -7.550346736268573e-03
3.355895780902870e+01 -8.687137021168330e-04 -7.332180395672403e-03
3.365015062916194e+01 -1.525293310137173e-03 -7.058687822693626e-03
3.374134344929517e+01 -2.154541079111277e-03 -6.733363242621254e-03
3.383253626942840e+01 -2.751902963134673e-03 -6.360048006141998e-03
3.392372908956163e+01 -3.313189557482274e-03 -5.942891195497031e-03
3.401492190969486e+01 -3.834602301540545e-03 -5.486308590001710e-03
3.410611472982809e+01 -4.312755879109485e-03 -4.994940365656934e-03
3.419730754996132e+01 -4.744696717802617e-03 -4.473607905463082e-03
3.428850037009455e+01 -5.127917523582486e-03 -3.927270095760271e-03
3.437969319022778e+01 -5.460367820519933e-03 -3.360979479553420e-03
3.447088601036101e+01 -5.740460499382110e-03 -2.779838630453565e-03
3.456207883049424e+01 -5.967074411372782e-03 -2.188957100715838e-03
3.465327165062747e+01 -6.139553075018522e-03 -1.593409284036874e-03
3.474446447076070e+01 -6.257699594580636e-03 -9.981935184646359e-04
3.483565729089393e+01 -6.321767917256076e-03 -4.081927371607279e-04
3.492685011102716e+01 -6.332450583610657e-03 1.718630449592420e-04
3.501804293116039e+01 -6.290863150982115e-03 7.374321422861319e-04
3.510923575129362e+01 -6.198525492836926e-03 1.284194264131778e-03
3.520042857142685e+01 -6.057340198121046e-03 1.808081016468526e-03
3.529162139156008e+01 -5.869568313389933e-03 2.305303647294728e-03
3.538281421169331e+01 -5.637802686837366e-03 2.772377870034875e-03
3.547400703182654e+01 -5.364939187187362e-03 3.206145627032299e-03
3.556519985195977e+01 -5.054146081712011e-03 3.603793683346681e-03
3.565639267209300e+01 -4.708831866355021e-03 3.962868969492495e-03
3.574758549222623e+01 -4.332611847062323e-03 4.281290620214933e-03
3.583877831235946e+01 -3.929273774954204e-03 4.557358684667829e-03
3.592997113249269e+01 -3.502742838946127e-03 4.789759511209672e-03
3.602116395262592e+01 -3.057046317885407e-03 4.977567837252280e-03
3.611235677275915e+01 -2.596278190285648e-03 5.120245640973502e-03
3.620354959289238e+01 -2.124563993396196e-03 5.217637837041819e-03
3.629474241302561e+01 -1.646026214743206e-03 5.269964922610356e-03
3.638593523315884e+01 -1.164750488542344e-03 5.277812702546163e-03
3.647712805329207e+01 -6.847528566456565e-04 5.242119244008935e-03
3.656832087342530e+01 -2.099483390957517e-04 5.164159229937671e-03
3.665951369355853e+01 2.558789569195584e-04 5.045525898618291e-03
3.675070651369176e+01 7.091039787177269e-04 4.888110772181162e-03
3.684189933382499e+01 1.146286928519012e-03 4.694081390526105e-03
3.693309215395822e+01 1.564197351018909e-03 4.465857278723474e-03
3.702428497409145e+01 1.959835957804944e-03 4.206084385343692e-03
3.711547779422468e+01 2.330454060287338e-03 3.917608236393809e-03
3.720667061435791e+01 2.673570505372333e-03 3.603446054578056e-03
3.729786343449114e+01 2.986986031026235e-03 3.266758096458602e-03
3.738905625462437e+01 3.268794981959831e-03 2.910818460800569e-03
3.748024907475760e+01 3.517394348712525e-03 2.538985619986786e-03
3.757144189489083e+01 3.731490116244027e-03 2.154672922945082e-03
3.766263471502406e+01 3.910100930565546e-03 1.761319312621669e-03
3.775382753515729e+01 4.052559113787131e-03 1.362360493750426e-03
3.784502035529052e+01 4.158509079056724e-03 9.612007776149680e-04
3.793621317542375e+01 4.227903217063577e-03 5.611858197949093e-04
3.802740599555698e+01 4.260995344928946e-03 1.655764546570791e-04
3.811859881569021e+01 4.258331826277526e-03 -2.224761832673144e-04
3.820979163582344e+01 4.220740487953678e-03 -5.999540757437167e-04
3.830098445595667e+01 4.149317474110376e-03 -9.639941158181372e-04
3.839217727608990e+01 4.045412192163184e-03 -1.311908138909633e-03
3.848337009622313e+01 3.910610517287746e-03 -1.641201065279981e-03
3.857456291635636e+01 3.746716432683416e-03 -1.949587047452983e-03
3.866575573648959e+01 3.555732291678462e-03 -2.235003534918322e-03
3.875694855662282e+01 3.339837894879264e-03 -2.495623187513853e-03
3.884814137675605e+01 3.101368580947639e-03 -2.729863588074458e-03
3.893933419688928e+01 2.842792533221442e-03 -2.936394724106368e-03
3.903052701702251e+01 2.566687506283540e-03 -3.114144227237788e-03
3.912171983715574e+01 2.275717176756035e-03 -3.262300377858774e-03
3.921291265728897e+01 1.972607321087267e-03 -3.380312900550447e-03
3.930410547742220e+01 1.660122019958045e-03 -3.467891593477134e-03
3.939529829755543e+01 1.341040084223022e-03 -3.525002851743999e-03
3.948649111768867e+01 1.018131891096436e-03 -3.551864160684886e-03
3.957768393782190e+01 6.941368116730262e-04 -3.548936650027680e-03
3.966887675795513e+01 3.717414019387748e-04 -3.516915813785150e-03
3.976006957808836e+01 5.355851927519641e-05 -3.456720513446554e-03
3.985126239822159e+01 -2.578924847941241e-04 -3.369480393519785e-03
3.994245521835482e+01 -5.602043571076980e-04 -3.256521848627849e-03
4.003364803848805e+01 -8.510991952192573e-04 -3.119352690142350e-03
4.012484085862128e+01 -1.128444248039610e-03 -2.959645667698150e-03
4.021603367875451e+01 -1.390266167654044e-03 -2.779221006848398e-03
4.030722649888774e+01 -1.634763630121931e-03 -2.580028128571383e-03
4.039841931902097e+01 -1.860318258324161e-03 -2.364126719326616e-03
4.048961213915420e+01 -2.065503795388723e-03 -2.133667321886069e-03
4.058080495928743e+01 -2.249093492763149e-03 -1.890871617258481e-03
4.067199777942066e+01 -2.410065692484987e-03 -1.638012566712652e-03
4.076319059955389e+01 -2.547607598501907e-03 -1.377394580232961e-03
4.085438341968712e+01 -2.661117246889667e-03 -1.111333873760703e-03
4.094557623982035e+01 -2.750203699392661e-03 -8.421391723513350e-04
4.103676905995358e+01 -2.814685498757947e-03 -5.720929099822613e-04
4.112796188008681e+01 -2.854587437746085e-03 -3.034330692580253e-04
4.121915470022004e+01 -2.870135706385278e-03 -3.833579576644947e-05
4.131034752035327e+01 -2.861751493901509e-03 2.211010875668855e-04
4.140154034048650e+01 -2.830043132727957e-03 4.728735509994306e-04
4.149273316061973e+01 -2.775796882002125e-03 7.150857091749859e-04
4.158392598075296e+01 -2.699966456938754e-03 9.459629603575282e-04
4.167511880088619e+01 -2.603661418370185e-03 1.163863833083319e-03
4.176631162101942e+01 -2.488134543532929e-03 1.367290472048355e-03
4.185750444115265e+01 -2.354768304819198e-03 1.554897707756780e-03
4.194869726128588e+01 -2.205060587684725e-03 1.725500667333691e-03
4.203989008141911e+01 -2.040609782198834e-03 1.878080896843835e-03
4.213108290155234e+01 -1.863099384838779e-03 2.011790978348946e-03
4.222227572168557e+01 -1.674282248077012e-03 2.125957637676481e-03
4.231346854181880e+01 -1.475964615105599e-03 2.220083351360292e-03
4.240466136195203e+01 -1.269990075713964e-03 2.293846473352625e-03
4.249585418208526e+01 -1.058223576920564e-03 2.347099913804777e-03
4.258704700221849e+01 -8.425356185001183e-04 2.379868413384583e-03
4.267823982235172e+01 -6.247867590975118e-04 2.392344467162344e-03
4.276943264248495e+01 -4.068125532361067e-04 2.384882961979438e-03
4.286062546261818e+01 -1.904090332772429e-04 2.357994600349404e-03
4.295181828275141e+01 2.268115666004771e-05 2.312338192271013e-03
4.304301110288464e+01 2.307818755787560e-04 2.248711903806079e-03
4.313420392301787e+01 4.322957584521403e-04 2.168043557848943e-03
4.322539674315110e+01 6.257155651762688e-04 2.071380088155605e-03
4.331658956328433e+01 8.096345332001645e-04 1.959876252382868e-03
4.340778238341756e+01 9.827556712269905e-04 1.834782713594385e-03
4.349897520355079e+01 1.143899941493026e-03 1.697433602412941e-03
4.359016802368402e+01 1.292013288447834e-03 1.549233673736185e-03
4.368136084381725e+01 1.426172482089548e-03 1.391645172694686e-03
4.377255366395048e+01 1.545589754665265e-03 1.226174524332379e-03
4.386374648408371e+01 1.649616219841497e-03 1.054358960353903e-03
4.395493930421694e+01 1.737744073699530e-03 8.777531942415920e-04
4.404613212435017e+01 1.809607586934269e-03 6.979162531346615e-04
4.413732494448340e+01 1.864982907355576e-03 5.163985711280539e-04
4.422851776461663e+01 1.903786701135129e-03 3.347294441381272e-04
4.431971058474986e+01 1.926073670141298e-03 1.544049412515649e-04
4.441090340488309e+01 1.932032991096378e-03 -2.312363841803659e-05
4.450209622501632e+01 1.921983730117265e-03 -1.964606808311232e-04
4.459328904514955e+01 1.896369293410922e-03 -3.642764685665069e-04
4.468448186528278e+01 1.855750981444422e-03 -5.253166207768415e-04
4.477567468541601e+01 1.800800719757153e-03 -6.784107013945766e-04
4.486686750554924e+01 1.732293044697795e-03 -8.224799436155486e-04
4.495806032568247e+01 1.651096426725419e-03 -9.565440471172927e-04
4.504925314581570e+01 1.558164017493798e-03 -1.079727013066639e-03
4.514044596594893e+01 1.454523909729001e-03 -1.191261990662016e-03
4.523163878608216e+01 1.341269000907226e-03 -1.290495117666761e-03
4.532283160621540e+01 1.219546552944206e-03 -1.376888346048835e-03
4.541402442634863e+01 1.090547540527303e-03 -1.450021252379707e-03
4.550521724648186e+01 9.554958803706787e-04 -1.509591840993599e-03
4.559641006661509e+01 8.156376325730614e-04 -1.555416356003398e-03
4.568760288674832e+01 6.722302634323349e-04 -1.587428126050519e-03
4.577879570688155e+01 5.265320565528484e-04 -1.605675473076000e-03
4.586998852701478e+01 3.797917559062224e-04 -1.610318723386447e-03
4.596118134714801e+01 2.332385207153317e-04 -1.601626365803186e-03
4.605237416728124e+01 8.807226766912803e-05 -1.579970407683091e-03
4.614356698741447e+01 -5.454552890829828e-05 -1.545820985047175e-03
4.623475980754770e+01 -1.935005136656246e-04 -1.499740287915727e-03
4.632595262768093e+01 -3.277335441107112e-04 -1.442375866199698e-03
4.641714544781416e+01 -4.562481484063271e-04 -1.374453385115850e-03
4.650833826794739e+01 -5.781173001356928e-04 -1.296768902062457e-03
4.659953108808062e+01 -6.924894697688601e-04 -1.210180739203243e-03
4.669072390821385e+01 -7.985939194119989e-04 -1.115601027655523e-03
4.678191672834708e+01 -8.957452143928459e-04 -1.013987000165733e-03
4.687310954848031e+01 -9.833469322668776e-04 -9.063321094883983e-04
4.696430236861354e+01 -1.060894556861035e-03 -7.936570493752717e-04
4.705549518874677e+01 -1.127977551947239e-03 -6.770007541469426e-04
4.714668800888000e+01 -1.184280616000440e-03 -5.574114512815179e-04
4.723788082901323e+01 -1.229584126191702e-03 -4.359378393403739e-04
4.732907364914646e+01 -1.263763786244571e-03 -3.136204608899114e-04
4.742026646927969e+01 -1.286789498994461e-03 -1.914833369049856e-04
4.751145928941292e+01 -1.298723490390898e-03 -7.052592549188665e-05
4.760265210954615e+01 -1.299717717229888e-03 4.828453631284033e-05
4.769384492967938e+01 -1.290010596060702e-03 1.640202533835397e-04
4.778503774981261e+01 -1.269923095444491e-03 2.757996065193715e-04
4.787623056994584e+01 -1.239854238022093e-03 3.827933552784712e-04
4.796742339007907e+01 -1.200276062650143e-03 4.842302706433390e-04
4.805861621021230e+01 -1.151728100167826e-03 5.794021640912940e-04
4.814980903034553e+01 -1.094811419145292e-03 6.676682853558123e-04
4.824100185047876e+01 -1.030182300227750e-03 7.484590669754851e-04
4.833219467061199e+01 -9.585455994196093e-04 8.212791995872483e-04
4.842338749074522e+01 -8.806478618487456e-04 8.857100277802762e-04
4.851458031087845e+01 -7.972702482141093e-04 9.414112621383847e-04
4.860577313101168e+01 -7.092213362570351e-04 9.881220088153425e-04
4.869696595114491e+01 -6.173298592185190e-04 1.025661123564325e-03
4.878815877127814e+01 -5.224374423660479e-04 1.053926902537198e-03
4.887935159141137e+01 -4.253913973128048e-04 1.072896127341172e-03
4.897054441154460e+01 -3.270376320312672e-04 1.082622486752127e-03
4.906173723167783e+01 -2.282137322076726e-04 1.083234402101031e-03
4.915293005181106e+01 -1.297422669218716e-04 1.074932287641068e-03
4.924412287194429e+01 -3.242436859974551e-05 1.057985281140340e-03
4.933531569207752e+01 6.296636619394545e-05 1.032727483503971e-03
4.942650851221075e+01 1.556896122402318e-04 9.995537493892928e-04
4.951770133234398e+01 2.450436485011777e-04 9.589150735215719e-04
4.960889415247721e+01 3.303702535645914e-04 9.113136197322711e-04
4.970008697261044e+01 4.110591333340559e-04 8.572974416176678e-04
4.979127979274367e+01 4.865518551279322e-04 7.974549451473949e-04
4.988247261287690e+01 5.563452669890167e-04 7.324091445382212e-04
4.997366543301013e+01 6.199943857141830e-04 6.628117632502176e-04

