# omega0=1, alpha=4
# theta0=0.5, theta_dot0=0
# t_start=0, t_end=50, h=0.00911928
#   t          x(t)                 v(t)       
0  5.000000000000000e-01  0.000000000000000e+00
9.119282013323059e-02 4.982293715138441e-01 -3.658899318411852e-02
1.823856402664613e-01 4.936720766077077e-01 -6.177083904855697e-02
2.735784603996920e-01 4.872077680388672e-01 -7.887705801097103e-02
3.647712805329227e-01 4.794590367169153e-01 -9.026934166672627e-02
4.559641006661534e-01 4.708662514729245e-01 -9.762176308535901e-02
5.471569207993838e-01 4.617406139110031e-01 -1.021209950393884e-01
6.383497409326140e-01 4.523017624073331e-01 -1.046082715635185e-01
7.295425610658441e-01 4.427044230243019e-01 -1.056800062301975e-01
8.207353811990743e-01 4.330572980196411e-01 -1.057590931737681e-01
9.119282013323045e-01 4.234364539445462e-01 -1.051454290103424e-01
1.003121021465535e+00 4.138948123180237e-01 -1.040517114316216e-01
1.094313841598765e+00 4.044688786100192e-01 -1.026288068421831e-01
1.185506661731995e+00 3.951835141395359e-01 -1.009837283162112e-01
1.276699481865225e+00 3.860553209067202e-01 -9.919237826184017e-02
1.367892301998455e+00 3.770950432082927e-01 -9.730858179655162e-02
1.459085122131685e+00 3.683092721845171e-01 -9.537049173880605e-02
1.550277942264916e+00 3.597016560733082e-01 -9.340513089239828e-02
1.641470762398146e+00 3.512737598862066e-01 -9.143161405559162e-02
1.732663582531376e+00 3.430256763778145e-01 -8.946343407992531e-02
1.823856402664606e+00 3.349564605316149e-01 -8.751008431879047e-02
1.915049222797836e+00 3.270644387740312e-01 -8.557821047965780e-02
2.006242042931067e+00 3.193474292364778e-01 -8.367242869428093e-02
2.097434863064297e+00 3.118028988283896e-01 -8.179590680015546e-02
2.188627683197527e+00 3.044280753995525e-01 -7.995077760641825e-02
2.279820503330757e+00 2.972200279626551e-01 -7.813843291546600e-02
2.371013323463987e+00 2.901757241829038e-01 -7.635973289239173e-02
2.462206143597217e+00 2.832920716715895e-01 -7.461515532130844e-02
2.553398963730448e+00 2.765659477263283e-01 -7.290490215897823e-02
2.644591783863678e+00 2.699942208166909e-01 -7.122897574046762e-02
2.735784603996908e+00 2.635737661601210e-01 -6.958723340550090e-02
2.826977424130138e+00 2.573014770560249e-01 -6.797942677021480e-02
2.918170244263368e+00 2.511742731652589e-01 -6.640523006406561e-02
3.009363064396598e+00 2.451891065809291e-01 -6.486426067084726e-02
3.100555884529828e+00 2.393429662939701e-01 -6.335609410381038e-02
3.191748704663059e+00 2.336328814847094e-01 -6.188027499969452e-02
3.282941524796289e+00 2.280559239491735e-01 -6.043632525848072e-02
3.374134344929519e+00 2.226092098818054e-01 -5.902375013048856e-02
3.465327165062749e+00 2.172899011742898e-01 -5.764204282152479e-02
3.556519985195979e+00 2.120952063460428e-01 -5.629068802278050e-02
3.647712805329209e+00 2.070223811904472e-01 -5.496916465566017e-02
3.738905625462440e+00 2.020687291984448e-01 -5.367694803892982e-02
3.830098445595670e+00 1.972316018050171e-01 -5.241351162671649e-02
3.921291265728900e+00 1.925083984925601e-01 -5.117832842403489e-02
4.012484085862130e+00 1.878965667768651e-01 -4.997087215673458e-02
4.103676905995361e+00 1.833936020954257e-01 -4.879061825155120e-02
4.194869726128591e+00 1.789970476134417e-01 -4.763704466682788e-02
4.286062546261821e+00 1.747044939597127e-01 -4.650963260368179e-02
4.377255366395051e+00 1.705135789022675e-01 -4.540786711967584e-02
4.468448186528281e+00 1.664219869718314e-01 -4.433123766152549e-02
4.559641006661511e+00 1.624274490399171e-01 -4.327923852939584e-02
4.650833826794742e+00 1.585277418573171e-01 -4.225136928247512e-02
4.742026646927972e+00 1.547206875579936e-01 -4.124713509342842e-02
4.833219467061202e+00 1.510041531327390e-01 -4.026604705781543e-02
4.924412287194432e+00 1.473760498764814e-01 -3.930762246343530e-02
5.015605107327662e+00 1.438343328126958e-01 -3.837138502372774e-02
5.106797927460892e+00 1.403770000980341e-01 -3.745686507873037e-02
5.197990747594122e+00 1.370020924099926e-01 -3.656359976661090e-02
5.289183567727353e+00 1.337076923201772e-01 -3.569113316841717e-02
5.380376387860583e+00 1.304919236554990e-01 -3.483901642839044e-02
5.471569207993813e+00 1.273529508494326e-01 -3.400680785194535e-02
5.562762028127043e+00 1.242889782852832e-01 -3.319407298322042e-02
5.653954848260273e+00 1.212982496332482e-01 -3.240038466393410e-02
5.745147668393503e+00 1.183790471829021e-01 -3.162532307513626e-02
5.836340488526734e+00 1.155296911725979e-01 -3.086847576331774e-02
5.927533308659964e+00 1.127485391171494e-01 -3.012943765222796e-02
6.018726128793194e+00 1.100339851350395e-01 -2.940781104164927e-02
6.109918948926424e+00 1.073844592762905e-01 -2.870320559428438e-02
6.201111769059654e+00 1.047984268520315e-01 -2.801523831182925e-02
6.292304589192884e+00 1.022743877667023e-01 -2.734353350122600e-02
6.383497409326115e+00 9.981087585374818e-02 -2.668772273201905e-02
6.474690229459345e+00 9.740645821557505e-02 -2.604744478567065e-02
6.565883049592575e+00 9.505973456846403e-02 -2.542234559763065e-02
6.657075869725805e+00 9.276933659307032e-02 -2.481207819289688e-02
6.748268689859035e+00 9.053392729106942e-02 -2.421630261574960e-02
6.839461509992265e+00 8.835220034845254e-02 -2.363468585429224e-02
6.930654330125495e+00 8.622287950591755e-02 -2.306690176038456e-02
7.021847150258726e+00 8.414471793675099e-02 -2.251263096550996e-02
7.113039970391956e+00 8.211649763254839e-02 -2.197156079307780e-02
7.204232790525186e+00 8.013702879707693e-02 -2.144338516762361e-02
7.295425610658416e+00 7.820514924854358e-02 -2.092780452133404e-02
7.386618430791646e+00 7.631972383049411e-02 -2.042452569829011e-02
7.477811250924876e+00 7.447964383153491e-02 -1.993326185679146e-02
7.569004071058107e+00 7.268382641403653e-02 -1.945373237009495e-02
7.660196891191337e+00 7.093121405195005e-02 -1.898566272587423e-02
7.751389711324567e+00 6.922077397783923e-02 -1.852878442468159e-02
7.842582531457797e+00 6.755149763920804e-02 -1.808283487766995e-02
7.933775351591027e+00 6.592240016417981e-02 -1.764755730381094e-02
8.024968171724257e+00 6.433251983656409e-02 -1.722270062682509e-02
8.116160991857488e+00 6.278091758032815e-02 -1.680801937202077e-02
8.207353811990718e+00 6.126667645347369e-02 -1.640327356322146e-02
8.298546632123948e+00 5.978890115130232e-02 -1.600822861994431e-02
8.389739452257178e+00 5.834671751904076e-02 -1.562265525497809e-02
8.480932272390408e+00 5.693927207378276e-02 -1.524632937249449e-02
8.572125092523638e+00 5.556573153569357e-02 -1.487903196681382e-02
8.663317912656868e+00 5.422528236841221e-02 -1.452054902193402e-02
8.754510732790099e+00 5.291713032857749e-02 -1.417067141192098e-02
8.845703552923329e+00 5.164050002439495e-02 -1.382919480224755e-02
8.936896373056559e+00 5.039463448315487e-02 -1.349591955215949e-02
9.028089193189789e+00 4.917879472760419e-02 -1.317065061813742e-02
9.119282013323019e+00 4.799225936106973e-02 -1.285319745851599e-02
9.210474833456249e+00 4.683432416122465e-02 -1.254337393931384e-02
9.301667653589480e+00 4.570430168238550e-02 -1.224099824132121e-02
9.392860473722710e+00 4.460152086622332e-02 -1.194589276848537e-02
9.484053293855940e+00 4.352532666076885e-02 -1.165788405762853e-02
9.575246113989170e+00 4.247507964758886e-02 -1.137680268952733e-02
9.666438934122400e+00 4.145015567700847e-02 -1.110248320137807e-02
9.757631754255630e+00 4.044994551125200e-02 -1.083476400066742e-02
9.848824574388860e+00 3.947385447537351e-02 -1.057348728046397e-02
9.940017394522091e+00 3.852130211584693e-02 -1.031849893614254e-02
1.003121021465532e+01 3.759172186668466e-02 -1.006964848354929e-02
1.012240303478855e+01 3.668456072295302e-02 -9.826788978612739e-03
1.021359585492178e+01 3.579927892155257e-02 -9.589776938402982e-03
1.030478867505501e+01 3.493534962913125e-02 -9.358472263638409e-03
1.039598149518824e+01 3.409225863699851e-02 -9.132738162637296e-03
1.048717431532147e+01 3.326950406290866e-02 -8.912441076709085e-03
1.057836713545470e+01 3.246659605958280e-02 -8.697450606978475e-03
1.066955995558793e+01 3.168305652983867e-02 -8.487639442633484e-03
1.076075277572116e+01 3.091841884819945e-02 -8.282883290587194e-03
1.085194559585439e+01 3.017222758885262e-02 -8.083060806541403e-03
1.094313841598762e+01 2.944403825983208e-02 -7.888053527439086e-03
1.103433123612085e+01 2.873341704329733e-02 -7.697745805291533e-03
1.112552405625408e+01 2.803994054178494e-02 -7.512024742364910e-03
1.121671687638731e+01 2.736319553030915e-02 -7.330780127710187e-03
1.130790969652054e+01 2.670277871419003e-02 -7.153904375019535e-03
1.139910251665377e+01 2.605829649248870e-02 -6.981292461791637e-03
1.149029533678700e+01 2.542936472693133e-02 -6.812841869787778e-03
1.158148815692023e+01 2.481560851620494e-02 -6.648452526760037e-03
1.167268097705346e+01 2.421666197550994e-02 -6.488026749432521e-03
1.176387379718669e+01 2.363216802125589e-02 -6.331469187716200e-03
1.185506661731992e+01 2.306177816078904e-02 -6.178686770137600e-03
1.194625943745315e+01 2.250515228704176e-02 -6.029588650461425e-03
1.203745225758638e+01 2.196195847799593e-02 -5.884086155486965e-03
1.212864507771961e+01 2.143187280085418e-02 -5.742092733998028e-03
1.221983789785284e+01 2.091457912081472e-02 -5.603523906846076e-03
1.231103071798607e+01 2.040976891434727e-02 -5.468297218146178e-03
1.240222353811930e+01 1.991714108686969e-02 -5.336332187565426e-03
1.249341635825254e+01 1.943640179472649e-02 -5.207550263683474e-03
1.258460917838577e+01 1.896726427137233e-02 -5.081874778404909e-03
1.267580199851900e+01 1.850944865766577e-02 -4.959230902403311e-03
1.276699481865223e+01 1.806268183617971e-02 -4.839545601576938e-03
1.285818763878546e+01 1.762669726943757e-02 -4.722747594496102e-03
1.294938045891869e+01 1.720123484198541e-02 -4.608767310822518e-03
1.304057327905192e+01 1.678604070621231e-02 -4.497536850681039e-03
1.313176609918515e+01 1.638086713183315e-02 -4.388989944964413e-03
1.322295891931838e+01 1.598547235894941e-02 -4.283061916551903e-03
1.331415173945161e+01 1.559962045460568e-02 -4.179689642422843e-03
1.340534455958484e+01 1.522308117276100e-02 -4.078811516646431e-03
1.349653737971807e+01 1.485562981759600e-02 -3.980367414229319e-03
1.358773019985130e+01 1.449704711007854e-02 -3.884298655802784e-03
1.367892301998453e+01 1.414711905771192e-02 -3.790547973131577e-03
1.377011584011776e+01 1.380563682739174e-02 -3.699059475426759e-03
1.386130866025099e+01 1.347239662129873e-02 -3.609778616445164e-03
1.395250148038422e+01 1.314719955575663e-02 -3.522652162358338e-03
1.404369430051745e+01 1.282985154298588e-02 -3.437628160374161e-03
1.413488712065068e+01 1.252016317568493e-02 -3.354655908094575e-03
1.422607994078391e+01 1.221794961437307e-02 -3.273685923593168e-03
1.431727276091714e+01 1.192303047742975e-02 -3.194669916196635e-03
1.440846558105037e+01 1.163522973376689e-02 -3.117560757954419e-03
1.449965840118360e+01 1.135437559807214e-02 -3.042312455781142e-03
1.459085122131683e+01 1.108030042856255e-02 -2.968880124256699e-03
1.468204404145006e+01 1.081284062718912e-02 -2.897219959069179e-03
1.477323686158329e+01 1.055183654223452e-02 -2.827289211086086e-03
1.486442968171652e+01 1.029713237324715e-02 -2.759046161039576e-03
1.495562250184975e+01 1.004857607825631e-02 -2.692450094811731e-03
1.504681532198298e+01 9.806019283214307e-03 -2.627461279306178e-03
1.513800814211621e+01 9.569317193612667e-03 -2.564040938892606e-03
1.522920096224944e+01 9.338328508220859e-03 -2.502151232411029e-03
1.532039378238267e+01 9.112915334896986e-03 -2.441755230722925e-03
1.541158660251590e+01 8.892943108421232e-03 -2.382816894796603e-03
1.550277942264913e+01 8.678280510303844e-03 -2.325301054314468e-03
1.559397224278236e+01 8.468799390520672e-03 -2.269173386790076e-03
1.568516506291559e+01 8.264374691130281e-03 -2.214400397183138e-03
1.577635788304882e+01 8.064884371727747e-03 -2.160949398000896e-03
1.586755070318205e+01 7.870209336691344e-03 -2.108788489874527e-03
1.595874352331528e+01 7.680233364179278e-03 -2.057886542599478e-03
1.604993634344851e+01 7.494843036834659e-03 -2.008213176628898e-03
1.614112916358174e+01 7.313927674157885e-03 -1.959738745009534e-03
1.623232198371497e+01 7.137379266506580e-03 -1.912434315749726e-03
1.632351480384820e+01 6.965092410684102e-03 -1.866271654609338e-03
1.641470762398143e+01 6.796964247078647e-03 -1.821223208301711e-03
1.650590044411466e+01 6.632894398315786e-03 -1.777262088097925e-03
1.659709326424789e+01 6.472784909388195e-03 -1.734362053823889e-03
1.668828608438112e+01 6.316540189227178e-03 -1.692497498240978e-03
1.677947890451435e+01 6.164066953681421e-03 -1.651643431801159e-03
1.687067172464758e+01 6.015274169869234e-03 -1.611775467767748e-03
1.696186454478081e+01 5.870073001871320e-03 -1.572869807693125e-03
1.705305736491404e+01 5.728376757731933e-03 -1.534903227244968e-03
1.714425018504727e+01 5.590100837736998e-03 -1.497853062372716e-03
1.723544300518050e+01 5.455162683938544e-03 -1.461697195806199e-03
1.732663582531373e+01 5.323481730895517e-03 -1.426414043878531e-03
1.741782864544696e+01 5.194979357601774e-03 -1.391982543665561e-03
1.750902146558019e+01 5.069578840572699e-03 -1.358382140434346e-03
1.760021428571342e+01 4.947205308062637e-03 -1.325592775393285e-03
1.769140710584665e+01 4.827785695385929e-03 -1.293594873736730e-03
1.778259992597988e+01 4.711248701315048e-03 -1.262369332977045e-03
1.787379274611311e+01 4.597524745529914e-03 -1.231897511557267e-03
1.796498556624634e+01 4.486545927093123e-03 -1.202161217737650e-03
1.805617838637957e+01 4.378245983926384e-03 -1.173142698749578e-03
1.814737120651280e+01 4.272560253264119e-03 -1.144824630210427e-03
1.823856402664603e+01 4.169425633060668e-03 -1.117190105793164e-03
1.832975684677927e+01 4.068780544328187e-03 -1.090222627144570e-03
1.842094966691250e+01 3.970564894382811e-03 -1.063906094046151e-03
1.851214248704573e+01 3.874720040977234e-03 -1.038224794811914e-03
1.860333530717896e+01 3.781188757298352e-03 -1.013163396917347e-03
1.869452812731219e+01 3.689915197809149e-03 -9.887069378540635e-04
1.878572094744542e+01 3.600844864914491e-03 -9.648408162046825e-04
1.887691376757865e+01 3.513924576430983e-03 -9.415507829326960e-04
1.896810658771188e+01 3.429102433841520e-03 -9.188229328821400e-04
1.905929940784511e+01 3.346327791315639e-03 -8.966436964820514e-04
1.915049222797834e+01 3.265551225477211e-03 -8.749998316507899e-04
1.924168504811157e+01 3.186724505901466e-03 -8.538784158954290e-04
1.933287786824480e+01 3.109800566323787e-03 -8.332668386015315e-04
1.942407068837803e+01 3.034733476543112e-03 -8.131527935087375e-04
1.951526350851126e+01 2.961478415003207e-03 -7.935242713677014e-04
1.960645632864449e+01 2.889991642035468e-03 -7.743695527740198e-04
1.969764914877772e+01 2.820230473747313e-03 -7.556772011748960e-04
1.978884196891095e+01 2.752153256540596e-03 -7.374360560443899e-04
1.988003478904418e+01 2.685719342244854e-03 -7.196352262231974e-04
1.997122760917741e+01 2.620889063850571e-03 -7.022640834190076e-04
2.006242042931064e+01 2.557623711827991e-03 -6.853122558635697e-04
2.015361324944387e+01 2.495885511017348e-03 -6.687696221227033e-04
2.024480606957710e+01 2.435637598076758e-03 -6.526263050555708e-04
2.033599888971033e+01 2.376843999474305e-03 -6.368726659196200e-04
2.042719170984356e+01 2.319469610011205e-03 -6.214992986176933e-04
2.051838452997679e+01 2.263480171863248e-03 -6.064970240838755e-04
2.060957735011002e+01 2.208842254128005e-03 -5.918568848047481e-04
2.070077017024325e+01 2.155523232865603e-03 -5.775701394727824e-04
2.079196299037648e+01 2.103491271621184e-03 -5.636282577686939e-04
2.088315581050971e+01 2.052715302417397e-03 -5.500229152696511e-04
2.097434863064294e+01 2.003165007205614e-03 -5.367459884803076e-04
2.106554145077617e+01 1.954810799764782e-03 -5.237895499836968e-04
2.115673427090940e+01 1.907623808037131e-03 -5.111458637091043e-04
2.124792709104263e+01 1.861575856890194e-03 -4.988073803140992e-04
2.133911991117586e+01 1.816639451294840e-03 -4.867667326779714e-04
2.143031273130909e+01 1.772787759909309e-03 -4.750167315038932e-04
2.152150555144232e+01 1.729994599059433e-03 -4.635503610271828e-04
2.161269837157555e+01 1.688234417105493e-03 -4.523607748271138e-04
2.170389119170878e+01 1.647482279186384e-03 -4.414412917397741e-04
2.179508401184201e+01 1.607713852331985e-03 -4.307853918695389e-04
2.188627683197524e+01 1.568905390934845e-03 -4.203867126967804e-04
2.197746965210847e+01 1.531033722572517e-03 -4.102390452794947e-04
2.206866247224170e+01 1.494076234172084e-03 -4.003363305465797e-04
2.215985529237493e+01 1.458010858508618e-03 -3.906726556805569e-04
2.225104811250816e+01 1.422816061029505e-03 -3.812422505875785e-04
2.234224093264139e+01 1.388470826996788e-03 -3.720394844526151e-04
2.243343375277462e+01 1.354954648939843e-03 -3.630588623777716e-04
2.252462657290785e+01 1.322247514410904e-03 -3.542950221017244e-04
2.261581939304108e+01 1.290329894036124e-03 -3.457427307983245e-04
2.270701221317431e+01 1.259182729855050e-03 -3.373968819524579e-04
2.279820503330754e+01 1.228787423941536e-03 -3.292524923112978e-04
2.288939785344077e+01 1.199125827299321e-03 -3.213046989091336e-04
2.298059067357400e+01 1.170180229025630e-03 -3.135487561639976e-04
2.307178349370723e+01 1.141933345736330e-03 -3.059800330443615e-04
2.316297631384046e+01 1.114368311246341e-03 -2.985940103042100e-04
2.325416913397369e+01 1.087468666499128e-03 -2.913862777848425e-04
2.334536195410692e+01 1.061218349739266e-03 -2.843525317817944e-04
2.343655477424015e+01 1.035601686922218e-03 -2.774885724753047e-04
2.352774759437338e+01 1.010603382355599e-03 -2.707903014227995e-04
2.361894041450661e+01 9.862085095663261e-04 -2.642537191118920e-04
2.371013323463984e+01 9.624025023882260e-04 -2.578749225724430e-04
2.380132605477307e+01 9.391711462647593e-04 -2.516501030462529e-04
2.389251887490630e+01 9.165005697616801e-04 -2.455755437129969e-04
2.398371169503953e+01 8.943772362845601e-04 -2.396476174710464e-04
2.407490451517276e+01 8.727879359962347e-04 -2.338627847718512e-04
2.416609733530600e+01 8.517197779293435e-04 -2.282175915065911e-04
2.425729015543923e+01 8.311601822892594e-04 -2.227086669438342e-04
2.434848297557246e+01 8.110968729428085e-04 -2.173327217169739e-04
2.443967579570569e+01 7.915178700882977e-04 -2.120865458602398e-04
2.453086861583892e+01 7.724114831024738e-04 -2.069670068921130e-04
2.462206143597215e+01 7.537663035601432e-04 -2.019710479450013e-04
2.471325425610538e+01 7.355711984222858e-04 -1.970956859400571e-04
2.480444707623861e+01 7.178153033885947e-04 -1.923380098060494e-04
2.489563989637184e+01 7.004880164104746e-04 -1.876951787412268e-04
2.498683271650507e+01 6.835789913606234e-04 -1.831644205171336e-04
2.507802553663830e+01 6.670781318554216e-04 -1.787430298233665e-04
2.516921835677153e+01 6.509755852264379e-04 -1.744283666522845e-04
2.526041117690476e+01 6.352617366374516e-04 -1.702178547227073e-04
2.535160399703799e+01 6.199272033434817e-04 -1.661089799416610e-04
2.544279681717122e+01 6.049628290883941e-04 -1.620992889032534e-04
2.553398963730445e+01 5.903596786377408e-04 -1.581863874237828e-04
2.562518245743768e+01 5.761090324435682e-04 -1.543679391122054e-04
2.571637527757091e+01 5.622023814380099e-04 -1.506416639751080e-04
2.580756809770414e+01 5.486314219525518e-04 -1.470053370553538e-04
2.589876091783737e+01 5.353880507599413e-04 -1.434567871035876e-04
2.598995373797060e+01 5.224643602357760e-04 -1.399938952818084e-04
2.608114655810383e+01 5.098526336368847e-04 -1.366145938982345e-04
2.617233937823706e+01 4.975453404936826e-04 -1.333168651727064e-04
2.626353219837029e+01 4.855351321137472e-04 -1.300987400318908e-04
2.635472501850352e+01 4.738148371939324e-04 -1.269582969335649e-04
2.644591783863675e+01 4.623774575384000e-04 -1.238936607192809e-04
2.653711065876998e+01 4.512161638800117e-04 -1.209030014947250e-04
2.662830347890321e+01 4.403242918025875e-04 -1.179845335371017e-04
2.671949629903644e+01 4.296953377615951e-04 -1.151365142288925e-04
2.681068911916967e+01 4.193229552008945e-04 -1.123572430173515e-04
2.690188193930290e+01 4.092009507632196e-04 -1.096450603991168e-04
2.699307475943613e+01 3.993232805921333e-04 -1.069983469293315e-04
2.708426757956936e+01 3.896840467232494e-04 -1.044155222546832e-04
2.717546039970259e+01 3.802774935625645e-04 -1.018950441697842e-04
2.726665321983582e+01 3.710980044498004e-04 -9.943540769632840e-05
2.735784603996905e+01 3.621400983047011e-04 -9.703514418447706e-05
2.744903886010228e+01 3.533984263542851e-04 -9.469282043593464e-05
2.754023168023551e+01 3.448677689390979e-04 -9.240703784819264e-05
2.763142450036874e+01 3.365430323965564e-04 -9.017643157943007e-05
2.772261732050197e+01 3.284192460195269e-04 -8.799966973357176e-05
2.781381014063520e+01 3.204915590883190e-04 -8.587545256501834e-05
2.790500296076843e+01 3.127552379743226e-04 -8.380251170257266e-05
2.799619578090166e+01 3.052056633135608e-04 -8.177960939209950e-05
2.808738860103489e+01 2.978383272484695e-04 -7.980553775746658e-05
2.817858142116812e+01 2.906488307362561e-04 -7.787911807932520e-05
2.826977424130135e+01 2.836328809222332e-04 -7.599920009130002e-05
2.836096706143458e+01 2.767862885765554e-04 -7.416466129316804e-05
2.845215988156781e+01 2.701049655928302e-04 -7.237440628061636e-05
2.854335270170104e+01 2.635849225471107e-04 -7.062736609117879e-05
2.863454552183427e+01 2.572222663158101e-04 -6.892249756596037e-05
2.872573834196750e+01 2.510131977511175e-04 -6.725878272676937e-05
2.881693116210073e+01 2.449540094125266e-04 -6.563522816828427e-05
2.890812398223396e+01 2.390410833531227e-04 -6.405086446489296e-05
2.899931680236719e+01 2.332708889593056e-04 -6.250474559185048e-05
2.909050962250042e+01 2.276399808426596e-04 -6.099594836040858e-05
2.918170244263365e+01 2.221449967827112e-04 -5.952357186658122e-05
2.927289526276688e+01 2.167826557193465e-04 -5.808673695321568e-05
2.936408808290011e+01 2.115497557936891e-04 -5.668458568504882e-05
2.945528090303334e+01 2.064431724362688e-04 -5.531628083643478e-05
2.954647372316657e+01 2.014598565013403e-04 -5.398100539143824e-05
2.963766654329980e+01 1.965968324462368e-04 -5.267796205599489e-05
2.972885936343303e+01 1.918511965546723e-04 -5.140637278184768e-05
2.982005218356626e+01 1.872201152029310e-04 -5.016547830197469e-05
2.991124500369950e+01 1.827008231679096e-04 -4.895453767723119e-05
3.000243782383273e+01 1.782906219760007e-04 -4.777282785393526e-05
3.009363064396596e+01 1.739868782918333e-04 -4.661964323213267e-05
3.018482346409919e+01 1.697870223459060e-04 -4.549429524428342e-05
3.027601628423242e+01 1.656885464001769e-04 -4.439611194411823e-05
3.036720910436565e+01 1.616890032506911e-04 -4.332443760541955e-05
3.045840192449888e+01 1.577860047663542e-04 -4.227863233048757e-05
3.054959474463211e+01 1.539772204629770e-04 -4.125807166805731e-05
3.064078756476534e+01 1.502603761117427e-04 -4.026214624043883e-05
3.073198038489857e+01 1.466332523812628e-04 -3.929026137965778e-05
3.082317320503180e+01 1.430936835124128e-04 -3.834183677237915e-05
3.091436602516503e+01 1.396395560251560e-04 -3.741630611340206e-05
3.100555884529826e+01 1.362688074565831e-04 -3.651311676751895e-05
3.109675166543149e+01 1.329794251294139e-04 -3.563172943953681e-05
3.118794448556472e+01 1.297694449502264e-04 -3.477161785226413e-05
3.127913730569795e+01 1.266369502366950e-04 -3.393226843227043e-05
3.137033012583118e+01 1.235800705731379e-04 -3.311318000323156e-05
3.146152294596441e+01 1.205969806936907e-04 -3.231386348667709e-05
3.155271576609764e+01 1.176858993924383e-04 -3.153384160996137e-05
3.164390858623087e+01 1.148450884598560e-04 -3.077264862128386e-05
3.173510140636410e+01 1.120728516449224e-04 -3.002983001158853e-05
3.182629422649733e+01 1.093675336422874e-04 -2.930494224317629e-05
3.191748704663056e+01 1.067275191038871e-04 -2.859755248486843e-05
3.200867986676379e+01 1.041512316744188e-04 -2.790723835356287e-05
3.209987268689702e+01 1.016371330500976e-04 -2.723358766202901e-05
3.219106550703025e+01 9.918372206013384e-05 -2.657619817279054e-05
3.228225832716348e+01 9.678953377038298e-05 -2.593467735794913e-05
3.237345114729671e+01 9.445313860863188e-05 -2.530864216480587e-05
3.246464396742994e+01 9.217314151100012e-05 -2.469771878714022e-05
3.255583678756317e+01 8.994818108894602e-05 -2.410154244201008e-05
3.264702960769640e+01 8.777692881638045e-05 -2.351975715193967e-05
3.273822242782963e+01 8.565808823640261e-05 -2.295201553236515e-05
3.282941524796286e+01 8.359039418718450e-05 -2.239797858421105e-05
3.292060806809609e+01 8.157261204654165e-05 -2.185731549147364e-05
3.301180088822932e+01 7.960353699473898e-05 -2.132970342369056e-05
3.310299370836255e+01 7.768199329509203e-05 -2.081482734317840e-05
3.319418652849578e+01 7.580683359193329e-05 -2.031237981692355e-05
3.328537934862901e+01 7.397693822552521e-05 -1.982206083301367e-05
3.337657216876224e+01 7.219121456351028e-05 -1.934357762150035e-05
3.346776498889547e+01 7.044859634849924e-05 -1.887664447958599e-05
3.355895780902870e+01 6.874804306140777e-05 -1.842098260103036e-05
3.365015062916194e+01 6.708853930016153e-05 -1.797631990967522e-05
3.374134344929517e+01 6.546909417339877e-05 -1.754239089698743e-05
3.383253626942840e+01 6.388874070880801e-05 -1.711893646352354e-05
3.392372908956163e+01 6.234653527574799e-05 -1.670570376422136e-05
3.401492190969486e+01 6.084155702180499e-05 -1.630244605742592e-05
3.410611472982809e+01 5.937290732295083e-05 -1.590892255755981e-05
3.419730754996132e+01 5.793970924697378e-05 -1.552489829134994e-05
3.428850037009455e+01 5.654110702986131e-05 -1.515014395752479e-05
3.437969319022778e+01 5.517626556482270e-05 -1.478443578989838e-05
3.447088601036101e+01 5.384436990364594e-05 -1.442755542375935e-05
3.456207883049424e+01 5.254462477009133e-05 -1.407928976548514e-05
3.465327165062747e+01 5.127625408503130e-05 -1.373943086530364e-05
3.474446447076070e+01 5.003850050305280e-05 -1.340777579312616e-05
3.483565729089393e+01 4.883062496024558e-05 -1.308412651737771e-05
3.492685011102716e+01 4.765190623290649e-05 -1.276828978675219e-05
3.501804293116039e+01 4.650164050689603e-05 -1.246007701482180e-05
3.510923575129362e+01 4.537914095739027e-05 -1.215930416743198e-05
3.520042857142685e+01 4.428373733877705e-05 -1.186579165281439e-05
3.529162139156008e+01 4.321477558445170e-05 -1.157936421435253e-05
3.538281421169331e+01 4.217161741627320e-05 -1.129985082593585e-05
3.547400703182654e+01 4.115363996344768e-05 -1.102708458983989e-05
3.556519985195977e+01 4.016023539061167e-05 -1.076090263707150e-05
3.565639267209300e+01 3.919081053489297e-05 -1.050114603011960e-05
3.574758549222623e+01 3.824478655173256e-05 -1.024765966805347e-05
3.583877831235946e+01 3.732159856925591e-05 -1.000029219391178e-05
3.592997113249269e+01 3.642069535098743e-05 -9.758895904327284e-06
3.602116395262592e+01 3.554153896670662e-05 -9.523326661332937e-06
3.611235677275915e+01 3.468360447124941e-05 -9.293443806296996e-06
3.620354959289238e+01 3.384637959106288e-05 -9.069110075935626e-06
3.629474241302561e+01 3.302936441832620e-05 -8.850191520352849e-06
3.638593523315884e+01 3.223207111245520e-05 -8.636557423058937e-06
3.647712805329207e+01 3.145402360881223e-05 -8.428080222919471e-06
3.656832087342530e+01 3.069475733444756e-05 -8.224635437988460e-06
3.665951369355853e+01 2.995381893070229e-05 -8.026101591180056e-06
3.675070651369176e+01 2.923076598250757e-05 -7.832360137734466e-06
3.684189933382499e+01 2.852516675421806e-05 -7.643295394434751e-06
3.693309215395822e+01 2.783659993182215e-05 -7.458794470532280e-06
3.702428497409145e+01 2.716465437137493e-05 -7.278747200339547e-06
3.711547779422468e+01 2.650892885350376e-05 -7.103046077450134e-06
3.720667061435791e+01 2.586903184383976e-05 -6.931586190546517e-06
3.729786343449114e+01 2.524458125923223e-05 -6.764265160757437e-06
3.738905625462437e+01 2.463520423960648e-05 -6.600983080527356e-06
3.748024907475760e+01 2.404053692532864e-05 -6.441642453961572e-06
3.757144189489083e+01 2.346022423994473e-05 -6.286148138611312e-06
3.766263471502406e+01 2.289391967816415e-05 -6.134407288664092e-06
3.775382753515729e+01 2.234128509896104e-05 -5.986329299505383e-06
3.784502035529052e+01 2.180199052366995e-05 -5.841825753618512e-06
3.793621317542375e+01 2.127571393895516e-05 -5.700810367790469e-06
3.802740599555698e+01 2.076214110453632e-05 -5.563198941592122e-06
3.811859881569021e+01 2.026096536555515e-05 -5.428909307102053e-06
3.820979163582344e+01 1.977188746947159e-05 -5.297861279844009e-06
3.830098445595667e+01 1.929461538737976e-05 -5.169976610908679e-06
3.839217727608990e+01 1.882886413963725e-05 -5.045178940231183e-06
3.848337009622313e+01 1.837435562570345e-05 -4.923393750996408e-06
3.857456291635636e+01 1.793081845808546e-05 -4.804548325144938e-06
3.866575573648959e+01 1.749798780029235e-05 -4.688571699953035e-06
3.875694855662282e+01 1.707560520870100e-05 -4.575394625660722e-06
3.884814137675605e+01 1.666341847823918e-05 -4.464949524122681e-06
3.893933419688928e+01 1.626118149179361e-05 -4.357170448457277e-06
3.903052701702251e+01 1.586865407325324e-05 -4.251993043669610e-06
3.912171983715574e+01 1.548560184409978e-05 -4.149354508225078e-06
3.921291265728897e+01 1.511179608346014e-05 -4.049193556550523e-06
3.930410547742220e+01 1.474701359153687e-05 -3.951450382440555e-06
3.939529829755543e+01 1.439103655633542e-05 -3.856066623347203e-06
3.948649111768867e+01 1.404365242360830e-05 -3.762985325531578e-06
3.957768393782190e+01 1.370465376993882e-05 -3.672150910056744e-06
3.966887675795513e+01 1.337383817888826e-05 -3.583509139601477e-06
3.976006957808836e+01 1.305100812013288e-05 -3.497007086075103e-06
3.985126239822159e+01 1.273597083151831e-05 -3.412593099014084e-06
3.994245521835482e+01 1.242853820396115e-05 -3.330216774741474e-06
4.003364803848805e+01 1.212852666912875e-05 -3.249828926270835e-06
4.012484085862128e+01 1.183575708983046e-05 -3.171381553936636e-06
4.021603367875451e+01 1.155005465305457e-05 -3.094827816733603e-06
4.030722649888774e+01 1.127124876558733e-05 -3.020122004347912e-06
4.039841931902097e+01 1.099917295215153e-05 -2.947219509863510e-06
4.048961213915420e+01 1.073366475600399e-05 -2.876076803127285e-06
4.058080495928743e+01 1.047456564193241e-05 -2.806651404757162e-06
4.067199777942066e+01 1.022172090159391e-05 -2.738901860777628e-06
4.076319059955389e+01 9.974979561138476e-06 -2.672787717867518e-06
4.085438341968712e+01 9.734194291062318e-06 -2.608269499205295e-06
4.094557623982035e+01 9.499221318237298e-06 -2.545308680897401e-06
4.103676905995358e+01 9.269920340063837e-06 -2.483867668975605e-06
4.112796188008681e+01 9.046154440696098e-06 -2.423909776949600e-06
4.121915470022004e+01 8.827790009289391e-06 -2.365399203901469e-06
4.131034752035327e+01 8.614696660220998e-06 -2.308301013108918e-06
4.140154034048650e+01 8.406747155236799e-06 -2.252581111184522e-06
4.149273316061973e+01 8.203817327477173e-06 -2.198206227718534e-06
4.158392598075296e+01 8.005786007336841e-06 -2.145143895413083e-06
4.167511880088619e+01 7.812534950114372e-06 -2.093362430695927e-06
4.176631162101942e+01 7.623948765408161e-06 -2.042830914802150e-06
4.185750444115265e+01 7.439914848216693e-06 -1.993519175312543e-06
4.194869726128588e+01 7.260323311701985e-06 -1.945397768137619e-06
4.203989008141911e+01 7.085066921576047e-06 -1.898437959936519e-06
4.213108290155234e+01 6.914041032071180e-06 -1.852611710960307e-06
4.222227572168557e+01 6.747143523455883e-06 -1.807891658309401e-06
4.231346854181880e+01 6.584274741059054e-06 -1.764251099595166e-06
4.240466136195203e+01 6.425337435766087e-06 -1.721663976995885e-06
4.249585418208526e+01 6.270236705951333e-06 -1.680104861697611e-06
4.258704700221849e+01 6.118879940812236e-06 -1.639548938710595e-06
4.267823982235172e+01 5.971176765071330e-06 -1.599971992052228e-06
4.276943264248495e+01 5.827038985013073e-06 -1.561350390287661e-06
4.286062546261818e+01 5.686380535823290e-06 -1.523661072419440e-06
4.295181828275141e+01 5.549117430199786e-06 -1.486881534117774e-06
4.304301110288464e+01 5.415167708203436e-06 -1.450989814283166e-06
4.313420392301787e+01 5.284451388319831e-06 -1.415964481933425e-06
4.322539674315110e+01 5.156890419702232e-06 -1.381784623407201e-06
4.331658956328433e+01 5.032408635567332e-06 -1.348429829876421e-06
4.340778238341756e+01 4.910931707715985e-06 -1.315880185160151e-06
4.349897520355079e+01 4.792387102151775e-06 -1.284116253832632e-06
4.359016802368402e+01 4.676704035770886e-06 -1.253119069618360e-06
4.368136084381725e+01 4.563813434097441e-06 -1.222870124067308e-06
4.377255366395048e+01 4.453647890039059e-06 -1.193351355503511e-06
4.386374648408371e+01 4.346141623638020e-06 -1.164545138240423e-06
4.395493930421694e+01 4.241230442793981e-06 -1.136434272056598e-06
4.404613212435017e+01 4.138851704934805e-06 -1.109001971925422e-06
4.413732494448340e+01 4.038944279612627e-06 -1.082231857992756e-06
4.422851776461663e+01 3.941448512002789e-06 -1.056107945796513e-06
4.431971058474986e+01 3.846306187283894e-06 -1.030614636722311e-06
4.441090340488309e+01 3.753460495877673e-06 -1.005736708689534e-06
4.450209622501632e+01 3.662855999527932e-06 -9.814593070622056e-07
4.459328904514955e+01 3.574438598198310e-06 -9.577679357792724e-07
4.468448186528278e+01 3.488155497769092e-06 -9.346484486989936e-07
4.477567468541601e+01 3.403955178513789e-06 -9.120870411522631e-07
4.486686750554924e+01 3.321787364336655e-06 -8.900702416998282e-07
4.495806032568247e+01 3.241602992752782e-06 -8.685849040884799e-07
4.504925314581570e+01 3.163354185592840e-06 -8.476181994014118e-07
4.514044596594893e+01 3.086994220414973e-06 -8.271576083980610e-07
4.523163878608216e+01 3.012477502606780e-06 -8.071909140388561e-07
4.532283160621540e+01 2.939759538160728e-06 -7.877061941904114e-07
4.541402442634863e+01 2.868796907106738e-06 -7.686918145068092e-07
4.550521724648186e+01 2.799547237586070e-06 -7.501364214827192e-07
4.559641006661509e+01 2.731969180551050e-06 -7.320289356742094e-07
4.568760288674832e+01 2.666022385075507e-06 -7.143585450831992e-07
4.577879570688155e+01 2.601667474261197e-06 -6.971146987016040e-07
4.586998852701478e+01 2.538866021725816e-06 -6.802871002113180e-07
4.596118134714801e+01 2.477580528658569e-06 -6.638657018362718e-07
4.605237416728124e+01 2.417774401429592e-06 -6.478406983428958e-07
4.614356698741447e+01 2.359411929739859e-06 -6.322025211854044e-07
4.623475980754770e+01 2.302458265298524e-06 -6.169418327924086e-07
4.632595262768093e+01 2.246879401014976e-06 -6.020495209914420e-07
4.641714544781416e+01 2.192642150693166e-06 -5.875166935680737e-07
4.650833826794739e+01 2.139714129216097e-06 -5.733346729563585e-07
4.659953108808062e+01 2.088063733208641e-06 -5.594949910574523e-07
4.669072390821385e+01 2.037660122167127e-06 -5.459893841833031e-07
4.678191672834708e+01 1.988473200044450e-06 -5.328097881223932e-07
4.687310954848031e+01 1.940473597279687e-06 -5.199483333245921e-07
4.696430236861354e+01 1.893632653261505e-06 -5.073973402022379e-07
4.705549518874677e+01 1.847922399214877e-06 -4.951493145446500e-07
4.714668800888000e+01 1.803315541500904e-06 -4.831969430433263e-07
4.723788082901323e+01 1.759785445319752e-06 -4.715330889251610e-07
4.732907364914646e+01 1.717306118806985e-06 -4.601507876910691e-07
4.742026646927969e+01 1.675852197513801e-06 -4.490432429574775e-07
4.751145928941292e+01 1.635398929261889e-06 -4.382038223981970e-07
4.760265210954615e+01 1.595922159363882e-06 -4.276260537842542e-07
4.769384492967938e+01 1.557398316200565e-06 -4.173036211193167e-07
4.778503774981261e+01 1.519804397146242e-06 -4.072303608684052e-07
4.787623056994584e+01 1.483117954833843e-06 -3.974002582776408e-07
4.796742339007907e+01 1.447317083751574e-06 -3.878074437828294e-07
4.805861621021230e+01 1.412380407163122e-06 -3.784461895047386e-07
4.814980903034553e+01 1.378287064343578e-06 -3.693109058289757e-07
4.824100185047876e+01 1.345016698123480e-06 -3.603961380684231e-07
4.833219467061199e+01 1.312549442733523e-06 -3.516965632062389e-07
4.842338749074522e+01 1.280865911942693e-06 -3.432069867174785e-07
4.851458031087845e+01 1.249947187482726e-06 -3.349223394674383e-07
4.860577313101168e+01 1.219774807751990e-06 -3.268376746848704e-07
4.869696595114491e+01 1.190330756792048e-06 -3.189481650082601e-07
4.878815877127814e+01 1.161597453530304e-06 -3.112490996034042e-07
4.887935159141137e+01 1.133557741282335e-06 -3.037358813505662e-07
4.897054441154460e+01 1.106194877507612e-06 -2.964040240995322e-07
4.906173723167783e+01 1.079492523812514e-06 -2.892491499909260e-07
4.915293005181106e+01 1.053434736194656e-06 -2.822669868421842e-07
4.924412287194429e+01 1.028005955522709e-06 -2.754533655966324e-07
4.933531569207752e+01 1.003190998246027e-06 -2.688042178341372e-07
4.942650851221075e+01 9.789750473285354e-07 -2.623155733418477e-07
4.951770133234398e+01 9.553436434014606e-07 -2.559835577435782e-07
4.960889415247721e+01 9.322826761296288e-07 -2.498043901864138e-07
4.970008697261044e+01 9.097783757861693e-07 -2.437743810831596e-07
4.979127979274367e+01 8.878173050305971e-07 -2.378899299092843e-07
4.988247261287690e+01 8.663863508853637e-07 -2.321475230530435e-07
4.997366543301013e+01 8.454727169060837e-07 -2.265437317174979e-07

